3400.3	68.295
3401.3	62.889
3402.4	75.387
3403.5	75.687
3404.5	68.057
3405.6	47.693
3406.6	60.263
3407.7	47.185
3408.8	49.613
3409.8	67.457
3410.9	40.223
3411.9	70.562
3413.0	59.974
3414.1	75.985
3415.1	67.082
3416.2	71.792
3417.3	106.05
3418.3	43.314
3419.4	70.902
3420.4	80.288
3421.5	61.814
3422.6	56.632
3423.6	91.652
3424.7	70.442
3425.8	87.092
3426.8	65.943
3427.9	70.466
3428.9	42.165
3430.0	22.205
3431.1	54.408
3432.1	45.415
3433.2	51.363
3434.3	43.262
3435.3	65.018
3436.4	52.001
3437.4	55.479
3438.5	107.25
3439.6	59.334
3440.6	57.128
3441.7	48.799
3442.8	39.751
3443.8	64.882
3444.9	66.895
3445.9	42.297
3447.0	59.573
3448.1	62.636
3449.1	69.541
3450.2	76.483
3451.3	41.71
3452.3	40.987
3453.4	51.931
3454.5	75.31
3455.5	41.894
3456.6	19.09
3457.6	96.316
3458.7	72.36
3459.8	42.547
3460.8	55.631
3461.9	74.445
3463.0	74.123
3464.0	54.385
3465.1	79.207
3466.2	43.281
3467.2	64.739
3468.3	65.515
3469.4	63.411
3470.4	57.274
3471.5	78.788
3472.5	58.736
3473.6	75.675
3474.7	54.669
3475.7	48.189
3476.8	81.62
3477.9	66.945
3478.9	42.957
3480.0	61.326
3481.1	60.287
3482.1	44.318
3483.2	33.389
3484.3	57.156
3485.3	40.528
3486.4	54.807
3487.5	65.759
3488.5	75.286
3489.6	78.856
3490.6	62.576
3491.7	50.04
3492.8	51.431
3493.8	68.922
3494.9	51.765
3496.0	52.87
3497.0	69.366
3498.1	58.045
3499.2	98.363
3500.2	67.354
3501.3	54.606
3502.4	68.804
3503.4	59.441
3504.5	68.749
3505.6	62.584
3506.6	59.05
3507.7	67.51
3508.8	66.144
3509.8	69.063
3510.9	47.747
3512.0	79.378
3513.0	60.558
3514.1	56.507
3515.2	52.53
3516.2	71.126
3517.3	78.797
3518.4	56.39
3519.4	46.191
3520.5	62.545
3521.6	58.683
3522.6	46.658
3523.7	57.126
3524.8	47.905
3525.8	60.265
3526.9	39.47
3528.0	43.197
3529.0	41.467
3530.1	50.299
3531.2	43.641
3532.2	53.192
3533.3	52.439
3534.4	71.553
3535.4	52.998
3536.5	57.707
3537.6	76.482
3538.6	48.658
3539.7	66.626
3540.8	74.042
3541.8	64.399
3542.9	69.143
3544.0	73.098
3545.0	65.564
3546.1	57.391
3547.2	47.152
3548.2	46.5
3549.3	24.776
3550.4	70.424
3551.5	47.743
3552.5	48.97
3553.6	56.666
3554.7	42.626
3555.7	52.305
3556.8	72.864
3557.9	40.92
3558.9	34.246
3560.0	65.529
3561.1	67.002
3562.1	37.998
3563.2	67.815
3564.3	45.493
3565.3	61.667
3566.4	58.83
3567.5	47.601
3568.5	68.62
3569.6	73.685
3570.7	76.472
3571.8	77.185
3572.8	61.389
3573.9	49.739
3575.0	67.747
3576.0	58.912
3577.1	62.723
3578.2	59.221
3579.2	73.874
3580.3	63.726
3581.4	45.242
3582.4	68.574
3583.5	61.984
3584.6	53.453
3585.7	55.432
3586.7	60.016
3587.8	79.102
3588.9	51.163
3589.9	44.641
3591.0	63.153
3592.1	46.05
3593.1	51.504
3594.2	54.446
3595.3	55.892
3596.3	45.52
3597.4	65.009
3598.5	49.522
3599.6	55.65
3600.6	64.367
3601.7	50.157
3602.8	44.499
3603.8	59.308
3604.9	44.681
3606.0	53.111
3607.0	41.381
3608.1	55.6
3609.2	49.405
3610.3	61.479
3611.3	59.549
3612.4	67.137
3613.5	45.053
3614.5	63.608
3615.6	52.632
3616.7	48.757
3617.8	47.732
3618.8	47.818
3619.9	35.809
3621.0	49.032
3622.0	55.84
3623.1	52.129
3624.2	50.309
3625.2	51.245
3626.3	42.861
3627.4	40.101
3628.5	52.18
3629.5	46.307
3630.6	45.821
3631.7	53.23
3632.7	54.843
3633.8	51.774
3634.9	52.974
3636.0	45.471
3637.0	53.044
3638.1	53.048
3639.2	49.214
3640.2	62.647
3641.3	58.033
3642.4	42.367
3643.5	47.963
3644.5	73.244
3645.6	49.029
3646.7	44.913
3647.7	52.914
3648.8	40.716
3649.9	56.64
3651.0	53.276
3652.0	52.617
3653.1	52.295
3654.2	45.684
3655.3	58.388
3656.3	51.79
3657.4	52.698
3658.5	57.134
3659.5	52.528
3660.6	42.461
3661.7	39.028
3662.8	67.251
3663.8	60.514
3664.9	52.743
3666.0	42.289
3667.0	41.879
3668.1	56.846
3669.2	58.259
3670.3	44.877
3671.3	58.368
3672.4	47.943
3673.5	57.134
3674.6	53.704
3675.6	40.367
3676.7	44.321
3677.8	40.591
3678.9	50.955
3679.9	52.155
3681.0	50.716
3682.1	46.005
3683.1	53.774
3684.2	55.26
3685.3	52.576
3686.4	56.624
3687.4	54.63
3688.5	52.488
3689.6	50.908
3690.7	58.485
3691.7	37.468
3692.8	43.514
3693.9	46.95
3695.0	43.196
3696.0	50.199
3697.1	50.838
3698.2	49.253
3699.2	50.715
3700.3	46.507
3701.4	45.454
3702.5	52.638
3703.5	59.142
3704.6	38.385
3705.7	38.581
3706.8	59.905
3707.8	44.54
3708.9	40.411
3710.0	51.006
3711.1	56.87
3712.1	46.74
3713.2	49.797
3714.3	61.601
3715.4	56.455
3716.4	54.849
3717.5	57.906
3718.6	50.337
3719.7	45.596
3720.7	46.602
3721.8	56.01
3722.9	49.809
3724.0	45.62
3725.0	60.177
3726.1	45.859
3727.2	63.761
3728.3	46.474
3729.3	52.714
3730.4	60.349
3731.5	60.123
3732.5	45.006
3733.6	57.366
3734.7	48.49
3735.8	56.892
3736.8	51.92
3737.9	65.977
3739.0	53.033
3740.1	55.72
3741.2	58.182
3742.2	43.724
3743.3	44.947
3744.4	54.249
3745.5	48.592
3746.5	54.453
3747.6	47.934
3748.7	60.137
3749.8	55.534
3750.8	45.811
3751.9	56.846
3753.0	60.014
3754.1	46.842
3755.1	44.874
3756.2	49.901
3757.3	57.104
3758.4	47.675
3759.4	51.234
3760.5	58.166
3761.6	45.409
3762.7	51.315
3763.7	53.373
3764.8	51.224
3765.9	51.412
3767.0	45.677
3768.0	45.869
3769.1	44.8
3770.2	55.441
3771.3	58.778
3772.3	44.148
3773.4	48.428
3774.5	50.936
3775.6	53.946
3776.7	54.869
3777.7	44.399
3778.8	47.747
3779.9	50.575
3781.0	46.342
3782.0	47.209
3783.1	46.227
3784.2	49.26
3785.3	50.112
3786.3	53.941
3787.4	45.573
3788.5	56.426
3789.6	56.027
3790.6	55.115
3791.7	46.315
3792.8	52.767
3793.9	46.523
3795.0	51.559
3796.0	49.577
3797.1	50.141
3798.2	51.856
3799.3	48.816
3800.3	49.66
3801.4	47.195
3802.5	42.199
3803.6	45.851
3804.6	46.777
3805.7	47.448
3806.8	45.029
3807.9	43.174
3809.0	44.999
3810.0	44.847
3811.1	36.847
3812.2	47.58
3813.3	41.438
3814.3	50.601
3815.4	45.098
3816.5	36.436
3817.6	44.7
3818.7	49.836
3819.7	51.57
3820.8	50.667
3821.9	46.617
3823.0	44.239
3824.0	46.703
3825.1	48.686
3826.2	53.725
3827.3	44.782
3828.4	46.347
3829.4	59.172
3830.5	53.629
3831.6	51.876
3832.7	51.054
3833.7	49.579
3834.8	30.011
3835.9	46.104
3837.0	45.836
3838.1	47.222
3839.1	46.72
3840.2	44.915
3841.3	44.693
3842.4	49.281
3843.5	48.679
3844.5	48.811
3845.6	38.746
3846.7	46.706
3847.8	37.781
3848.8	49.34
3849.9	49.799
3851.0	51.912
3852.1	47.729
3853.2	50.563
3854.2	49.205
3855.3	41.851
3856.4	50.573
3857.5	53.42
3858.6	46.421
3859.6	50.257
3860.7	55.672
3861.8	57.334
3862.9	47.037
3863.9	44.151
3865.0	45.626
3866.1	46.01
3867.2	51.605
3868.3	55.111
3869.3	55.261
3870.4	53.443
3871.5	53.313
3872.6	45.257
3873.7	50.805
3874.7	47.84
3875.8	49.087
3876.9	46.911
3878.0	52.092
3879.1	50.729
3880.1	44.231
3881.2	40.089
3882.3	43.416
3883.4	49.713
3884.5	51.448
3885.5	43.406
3886.6	46.888
3887.7	43.799
3888.8	48.163
3889.9	49.635
3890.9	51.553
3892.0	48.199
3893.1	48.06
3894.2	46.206
3895.3	40.837
3896.3	45.956
3897.4	47.296
3898.5	43.878
3899.6	49.259
3900.7	47.853
3901.7	48.074
3902.8	41.935
3903.9	42.238
3905.0	45.628
3906.1	43.407
3907.1	52.065
3908.2	53.569
3909.3	54.494
3910.4	45.203
3911.5	46.461
3912.5	41.516
3913.6	46.333
3914.7	49.848
3915.8	48.4
3916.9	42.915
3917.9	50.253
3919.0	47.449
3920.1	49.351
3921.2	49.063
3922.3	45.838
3923.3	49.116
3924.4	44.989
3925.5	47.395
3926.6	39.012
3927.7	42.933
3928.7	40.024
3929.8	46.166
3930.9	41.357
3932.0	49.261
3933.1	42.271
3934.1	46.493
3935.2	48.579
3936.3	44.894
3937.4	48.684
3938.5	45.764
3939.6	42.613
3940.6	49.857
3941.7	43.901
3942.8	45.205
3943.9	47.446
3945.0	47.499
3946.0	48.071
3947.1	49.491
3948.2	49.942
3949.3	47.462
3950.4	42.712
3951.4	51.752
3952.5	50.6
3953.6	44.35
3954.7	45.981
3955.8	42.262
3956.9	48.8
3957.9	47.808
3959.0	38.906
3960.1	48.527
3961.2	42.873
3962.3	42.363
3963.3	43.52
3964.4	48.544
3965.5	42.37
3966.6	46.466
3967.7	46.908
3968.8	43.835
3969.8	50.263
3970.9	43.452
3972.0	39.142
3973.1	42.662
3974.2	42.244
3975.2	44.971
3976.3	51.384
3977.4	38.287
3978.5	49.906
3979.6	38.957
3980.7	46.611
3981.7	44.849
3982.8	43.111
3983.9	42.946
3985.0	54.114
3986.1	44.689
3987.1	47.116
3988.2	43.351
3989.3	50.47
3990.4	43.245
3991.5	47.528
3992.6	45.491
3993.6	46.401
3994.7	45.514
3995.8	44.347
3996.9	50.167
3998.0	46.717
3999.1	44.506
4000.1	45.625
4001.2	42.325
4002.3	47.626
4003.4	43.496
4004.5	47.42
4005.5	46.091
4006.6	42.983
4007.7	45.946
4008.8	47.746
4009.9	45.286
4011.0	47.633
4012.0	41.728
4013.1	44.643
4014.2	49.026
4015.3	39.684
4016.4	46.412
4017.5	44.611
4018.5	42.188
4019.6	43.652
4020.7	44.152
4021.8	45.948
4022.9	42.779
4024.0	45.17
4025.0	49.404
4026.1	49.202
4027.2	43.273
4028.3	45.237
4029.4	43.33
4030.5	40.605
4031.5	43.14
4032.6	43.008
4033.7	45.895
4034.8	47.247
4035.9	44.058
4037.0	46.732
4038.0	43.437
4039.1	42.111
4040.2	52.715
4041.3	45.441
4042.4	48.613
4043.5	42.748
4044.5	48.378
4045.6	46.006
4046.7	41.679
4047.8	41.905
4048.9	37.464
4050.0	43.207
4051.0	43.588
4052.1	46.71
4053.2	48.429
4054.3	47.744
4055.4	42.57
4056.5	45.864
4057.5	48.055
4058.6	41.903
4059.7	45.03
4060.8	42.199
4061.9	41.624
4063.0	45.808
4064.0	41.209
4065.1	42.819
4066.2	43.201
4067.3	43.898
4068.4	45.049
4069.5	40.672
4070.5	40.179
4071.6	43.129
4072.7	45.743
4073.8	37.798
4074.9	41.393
4076.0	40.652
4077.1	42.598
4078.1	41.452
4079.2	44.024
4080.3	38.635
4081.4	47.457
4082.5	43.215
4083.6	42.768
4084.6	43.289
4085.7	45.945
4086.8	40.192
4087.9	44.318
4089.0	43.062
4090.1	45.87
4091.1	42.729
4092.2	39.615
4093.3	41.643
4094.4	43.769
4095.5	41.568
4096.6	44.437
4097.7	45.851
4098.7	39.779
4099.8	41.696
4100.9	42.248
4102.0	47.148
4103.1	44.333
4104.2	44.537
4105.2	41.429
4106.3	44.072
4107.4	45.005
4108.5	44.014
4109.6	43.313
4110.7	39.808
4111.8	46.143
4112.8	39.104
4113.9	43.198
4115.0	46.617
4116.1	39.068
4117.2	44.443
4118.3	41.861
4119.4	41.552
4120.4	43.706
4121.5	43.161
4122.6	47.819
4123.7	45.503
4124.8	38.446
4125.9	43.352
4126.9	46.256
4128.0	45.976
4129.1	37.962
4130.2	47.173
4131.3	39.792
4132.4	39.667
4133.5	45.709
4134.5	45.224
4135.6	42.18
4136.7	46.623
4137.8	39.691
4138.9	46.046
4140.0	43.712
4141.1	36.372
4142.1	36.611
4143.2	41.446
4144.3	40.649
4145.4	45.738
4146.5	44.435
4147.6	38.51
4148.7	35.804
4149.7	49.837
4150.8	45.635
4151.9	42.523
4153.0	42.408
4154.1	41.678
4155.2	41.341
4156.2	44.6
4157.3	39.444
4158.4	41.907
4159.5	40.294
4160.6	40.787
4161.7	41.251
4162.8	36.809
4163.8	41.292
4164.9	40.708
4166.0	36.644
4167.1	39.471
4168.2	37.372
4169.3	39.931
4170.4	36.018
4171.4	42.581
4172.5	44.611
4173.6	38.908
4174.7	40.237
4175.8	43.935
4176.9	42.819
4178.0	37.825
4179.1	38.777
4180.1	42.428
4181.2	44.789
4182.3	38.075
4183.4	35.437
4184.5	37.375
4185.6	40.961
4186.7	40.714
4187.7	38.047
4188.8	41.951
4189.9	42.798
4191.0	40.648
4192.1	40.106
4193.2	40.889
4194.3	43.735
4195.3	41.923
4196.4	40.452
4197.5	47.085
4198.6	35.754
4199.7	36.063
4200.8	39.583
4201.9	41.782
4202.9	38.5
4204.0	40.711
4205.1	33.702
4206.2	45.244
4207.3	37.548
4208.4	37.297
4209.5	30.689
4210.6	36.872
4211.6	42.319
4212.7	38.698
4213.8	43.087
4214.9	38.661
4216.0	41.27
4217.1	39.95
4218.2	43.693
4219.2	42.163
4220.3	39.516
4221.4	37.716
4222.5	43.489
4223.6	42.27
4224.7	45.669
4225.8	42.559
4226.8	43.928
4227.9	42.707
4229.0	48.369
4230.1	47.87
4231.2	40.729
4232.3	39.629
4233.4	44.132
4234.5	45.833
4235.5	46.062
4236.6	42.898
4237.7	38.57
4238.8	44.843
4239.9	44.628
4241.0	40.733
4242.1	40.469
4243.2	41.213
4244.2	41.303
4245.3	38.308
4246.4	39.635
4247.5	38.178
4248.6	38.036
4249.7	41.76
4250.8	37.045
4251.8	41.685
4252.9	36.125
4254.0	43.244
4255.1	37.484
4256.2	44.219
4257.3	42.962
4258.4	37.116
4259.5	38.7
4260.5	39.648
4261.6	37.978
4262.7	39.815
4263.8	40.302
4264.9	40.812
4266.0	36.466
4267.1	37.362
4268.2	39.212
4269.2	38.931
4270.3	44.69
4271.4	36.949
4272.5	33.445
4273.6	35.827
4274.7	41.512
4275.8	36.666
4276.9	39.239
4277.9	31.484
4279.0	40.484
4280.1	42.18
4281.2	40.79
4282.3	43.509
4283.4	38.611
4284.5	39.772
4285.5	37.602
4286.6	43.629
4287.7	37.41
4288.8	33.126
4289.9	42.656
4291.0	41.055
4292.1	41.696
4293.2	36.737
4294.2	41.16
4295.3	40.06
4296.4	35.502
4297.5	37.263
4298.6	36.461
4299.7	38.829
4300.8	37.394
4301.9	37.366
4302.9	36.168
4304.0	35.791
4305.1	44.82
4306.2	38.673
4307.3	41.973
4308.4	40.381
4309.5	35.381
4310.6	34.993
4311.7	41.203
4312.7	41.257
4313.8	41.457
4314.9	42.097
4316.0	39.826
4317.1	42.882
4318.2	40.862
4319.3	40.715
4320.4	39.217
4321.4	33.76
4322.5	32.646
4323.6	41.422
4324.7	37.311
4325.8	33.506
4326.9	32.437
4328.0	38.721
4329.1	42.408
4330.1	39.572
4331.2	42.083
4332.3	39.235
4333.4	36.898
4334.5	36.385
4335.6	36.733
4336.7	35.183
4337.8	40.018
4338.8	39.657
4339.9	41.081
4341.0	38.143
4342.1	35.264
4343.2	45.461
4344.3	37.03
4345.4	41.052
4346.5	38.567
4347.5	32.5
4348.6	37.07
4349.7	42.693
4350.8	43.204
4351.9	38.205
4353.0	40.626
4354.1	40.904
4355.2	43.292
4356.3	36.44
4357.3	32.493
4358.4	46.904
4359.5	41.348
4360.6	41.634
4361.7	29.697
4362.8	43.024
4363.9	33.447
4365.0	32.726
4366.0	40.409
4367.1	36.375
4368.2	36.247
4369.3	34.592
4370.4	44.242
4371.5	46.835
4372.6	34.102
4373.7	36.578
4374.8	42.024
4375.8	40.711
4376.9	37.597
4378.0	43.914
4379.1	44.974
4380.2	39.485
4381.3	42.693
4382.4	35.045
4383.5	39.197
4384.5	35.407
4385.6	34.754
4386.7	41.828
4387.8	37.614
4388.9	32.586
4390.0	39.609
4391.1	32.693
4392.2	42.181
4393.3	36.838
4394.3	40.887
4395.4	38.303
4396.5	33.423
4397.6	31.047
4398.7	38.363
4399.8	34.079
4400.9	30.679
4402.0	34.461
4403.1	35.561
4404.1	42.693
4405.2	39.488
4406.3	41.305
4407.4	34.856
4408.5	35.166
4409.6	34.556
4410.7	42.902
4411.8	44.009
4412.8	46.279
4413.9	40.068
4415.0	35.391
4416.1	30.644
4417.2	37.154
4418.3	34.803
4419.4	33.77
4420.5	37.442
4421.6	36.342
4422.6	35.777
4423.7	32.237
4424.8	36.895
4425.9	36.609
4427.0	38.191
4428.1	33.702
4429.2	37.487
4430.3	36.195
4431.4	33.028
4432.4	39.834
4433.5	34.096
4434.6	35.012
4435.7	32.53
4436.8	38.246
4437.9	32.036
4439.0	40.316
4440.1	33.773
4441.2	34.354
4442.2	45.198
4443.3	34.288
4444.4	35.165
4445.5	34.677
4446.6	36.074
4447.7	36.347
4448.8	32.093
4449.9	34.364
4451.0	34.51
4452.0	36.232
4453.1	34.013
4454.2	31.813
4455.3	43.466
4456.4	39.368
4457.5	35.116
4458.6	41.109
4459.7	35.388
4460.8	36.613
4461.8	40.702
4462.9	30.78
4464.0	38.855
4465.1	40.006
4466.2	41.028
4467.3	33.043
4468.4	36.474
4469.5	42.903
4470.6	30.139
4471.6	39.873
4472.7	37.82
4473.8	39.431
4474.9	39.67
4476.0	46.002
4477.1	37.605
4478.2	34.12
4479.3	34.506
4480.4	43.572
4481.4	42.332
4482.5	33.789
4483.6	36.626
4484.7	35.861
4485.8	41.135
4486.9	39.795
4488.0	34.302
4489.1	30.309
4490.2	39.074
4491.2	41.156
4492.3	39.449
4493.4	24.899
4494.5	38.735
4495.6	34.771
4496.7	27.842
4497.8	36.705
4498.9	29.088
4500.0	34.814
4501.0	40.492
4502.1	41.636
4503.2	36.556
4504.3	32.622
4505.4	28.859
4506.5	33.833
4507.6	32.76
4508.7	27.746
4509.8	36.379
4510.8	34.981
4511.9	27.628
4513.0	31.506
4514.1	39.392
4515.2	42.272
4516.3	30.017
4517.4	37.21
4518.5	33.616
4519.6	42.403
4520.6	37.016
4521.7	35.364
4522.8	33.215
4523.9	36.873
4525.0	38.74
4526.1	30.828
4527.2	35.918
4528.3	31.161
4529.4	35.811
4530.4	31.318
4531.5	29.238
4532.6	35.972
4533.7	42.146
4534.8	39.812
4535.9	35.681
4537.0	38.831
4538.1	37.487
4539.2	38.5
4540.2	30.502
4541.3	37.363
4542.4	36.689
4543.5	30.804
4544.6	34.108
4545.7	30.648
4546.8	29.858
4547.9	33.37
4549.0	33.215
4550.0	36.637
4551.1	33.284
4552.2	31.641
4553.3	25.391
4554.4	34.548
4555.5	34.167
4556.6	30.744
4557.7	30.837
4558.8	36.057
4559.9	28.76
4560.9	35.132
4562.0	32.478
4563.1	28.121
4564.2	38.834
4565.3	34.671
4566.4	36.765
4567.5	31.912
4568.6	29.822
4569.7	36.826
4570.7	30.364
4571.8	32.797
4572.9	27.423
4574.0	29.372
4575.1	36.253
4576.2	34.402
4577.3	30.804
4578.4	38.497
4579.5	28.259
4580.5	33.076
4581.6	30.423
4582.7	28.258
4583.8	32.619
4584.9	26.006
4586.0	37.848
4587.1	31.845
4588.2	33.007
4589.3	37.443
4590.3	32.351
4591.4	30.793
4592.5	32.753
4593.6	31.977
4594.7	45.86
4595.8	39.049
4596.9	33.551
4598.0	34.254
4599.1	34.332
4600.1	35.913
4601.2	30.758
4602.3	33.639
4603.4	35.042
4604.5	35.929
4605.6	32.696
4606.7	35.86
4607.8	32.006
4608.9	29.117
4610.0	36.086
4611.0	30.317
4612.1	30.575
4613.2	30.733
4614.3	32.563
4615.4	36.856
4616.5	28.512
4617.6	34.884
4618.7	34.517
4619.8	41.186
4620.8	32.809
4621.9	32.951
4623.0	34.286
4624.1	36.957
4625.2	34.691
4626.3	35.579
4627.4	27.836
4628.5	31.197
4629.6	29.332
4630.6	32.549
4631.7	37.61
4632.8	35.893
4633.9	36.431
4635.0	31.103
4636.1	29.203
4637.2	32.153
4638.3	30.803
4639.4	31.138
4640.4	30.993
4641.5	37.73
4642.6	37.363
4643.7	35.788
4644.8	36.038
4645.9	35.025
4647.0	34.903
4648.1	30.424
4649.2	28.556
4650.2	34.41
4651.3	31.744
4652.4	32.442
4653.5	29.027
4654.6	30.701
4655.7	35.365
4656.8	28.118
4657.9	38.109
4659.0	39.46
4660.1	33.924
4661.1	34.692
4662.2	32.381
4663.3	37.071
4664.4	33.686
4665.5	34.312
4666.6	35.29
4667.7	29.522
4668.8	35.357
4669.9	33.682
4670.9	31.703
4672.0	27.496
4673.1	31.812
4674.2	30.67
4675.3	40.071
4676.4	31.361
4677.5	26.851
4678.6	27.54
4679.7	35.333
4680.7	29.595
4681.8	28.611
4682.9	34.061
4684.0	29.199
4685.1	34.561
4686.2	31.304
4687.3	34.75
4688.4	29.227
4689.5	30.578
4690.5	34.007
4691.6	33.217
4692.7	29.395
4693.8	34.951
4694.9	31.366
4696.0	31.631
4697.1	28.91
4698.2	32.074
4699.3	34.624
4700.3	31.156
4701.4	29.491
4702.5	33.325
4703.6	32.281
4704.7	35.057
4705.8	31.701
4706.9	33.798
4708.0	33.63
4709.1	34.009
4710.1	37.21
4711.2	29.821
4712.3	32.384
4713.4	33.428
4714.5	32.691
4715.6	33.423
4716.7	33.439
4717.8	35.397
4718.9	28.841
4719.9	31.056
4721.0	32.604
4722.1	32.009
4723.2	28.921
4724.3	26.374
4725.4	33.69
4726.5	30.506
4727.6	30.883
4728.7	33.803
4729.7	31.812
4730.8	27.772
4731.9	35.354
4733.0	34.024
4734.1	31.22
4735.2	26.328
4736.3	25.241
4737.4	23.526
4738.5	26.324
4739.5	31.36
4740.6	33.253
4741.7	29.911
4742.8	30.79
4743.9	33.192
4745.0	32.216
4746.1	31.72
4747.2	35.996
4748.3	31.14
4749.3	27.579
4750.4	30.632
4751.5	34.117
4752.6	29.256
4753.7	28.04
4754.8	36.049
4755.9	35.268
4757.0	33.565
4758.0	33.409
4759.1	28.304
4760.2	32.867
4761.3	27.936
4762.4	32.312
4763.5	31.53
4764.6	40.946
4765.7	33.548
4766.8	30.94
4767.8	29.201
4768.9	35.878
4770.0	36.085
4771.1	31.754
4772.2	33.977
4773.3	32.898
4774.4	33.192
4775.5	30.474
4776.6	35.309
4777.6	34.859
4778.7	36.073
4779.8	31.492
4780.9	32.182
4782.0	34.433
4783.1	29.946
4784.2	29.904
4785.3	30.356
4786.4	34.137
4787.4	27.738
4788.5	30.961
4789.6	29.537
4790.7	34.012
4791.8	30.211
4792.9	29.716
4794.0	33.627
4795.1	31.573
4796.1	29.241
4797.2	35.09
4798.3	34.353
4799.4	33.673
4800.5	31.962
4801.6	27.04
4802.7	28.203
4803.8	32.407
4804.9	29.093
4805.9	30.024
4807.0	28.413
4808.1	37.01
4809.2	35.897
4810.3	32.31
4811.4	33.597
4812.5	29.688
4813.6	30.634
4814.6	28.552
4815.7	27.834
4816.8	29.016
4817.9	34.966
4819.0	34.912
4820.1	34.217
4821.2	33.793
4822.3	31.14
4823.4	34.588
4824.4	30.278
4825.5	31.209
4826.6	37.343
4827.7	35.755
4828.8	34.423
4829.9	35.965
4831.0	33.881
4832.1	32.581
4833.1	35.111
4834.2	35.521
4835.3	34.893
4836.4	30.123
4837.5	34.445
4838.6	29.474
4839.7	30.635
4840.8	27.409
4841.9	25.12
4842.9	30.969
4844.0	27.54
4845.1	29.305
4846.2	33.522
4847.3	33.561
4848.4	37.233
4849.5	23.982
4850.6	33.291
4851.6	27.433
4852.7	34.033
4853.8	28.964
4854.9	32.376
4856.0	32.861
4857.1	34.339
4858.2	29.989
4859.3	36.515
4860.3	29.713
4861.4	33.795
4862.5	30.749
4863.6	34.298
4864.7	30.547
4865.8	31.41
4866.9	28.555
4868.0	34.104
4869.0	28.868
4870.1	30.849
4871.2	30.69
4872.3	32.66
4873.4	38.898
4874.5	27.805
4875.6	29.143
4876.7	32.97
4877.8	30.225
4878.8	32.712
4879.9	32.648
4881.0	32.648
4882.1	34.374
4883.2	30.198
4884.3	33.056
4885.4	35.266
4886.5	32.592
4887.5	32.975
4888.6	30.964
4889.7	26.252
4890.8	30.027
4891.9	31.273
4893.0	28.637
4894.1	30.271
4895.2	30.898
4896.2	28.055
4897.3	23.747
4898.4	25.732
4899.5	26.54
4900.6	33.112
4901.7	33.746
4902.8	30.742
4903.9	28.409
4904.9	30.574
4906.0	26.822
4907.1	33.096
4908.2	28.928
4909.3	28.661
4910.4	30.739
4911.5	30.609
4912.5	29.748
4913.6	28.801
4914.7	31.659
4915.8	33.227
4916.9	30.923
4918.0	29.379
4919.1	27.882
4920.2	23.128
4921.2	32.323
4922.3	31.47
4923.4	32.981
4924.5	29.016
4925.6	29.188
4926.7	27.485
4927.8	26.385
4928.9	30.825
4929.9	22.652
4931.0	29.36
4932.1	28.303
4933.2	31.734
4934.3	33.585
4935.4	26.013
4936.5	26.462
4937.6	26.104
4938.6	34.059
4939.7	33.533
4940.8	32.881
4941.9	31.11
4943.0	30.414
4944.1	31.19
4945.2	32.299
4946.2	29.913
4947.3	29.659
4948.4	25.621
4949.5	31.643
4950.6	34.023
4951.7	27.878
4952.8	29.4
4953.9	25.659
4954.9	30.266
4956.0	29.873
4957.1	26.773
4958.2	26.163
4959.3	25.95
4960.4	32.626
4961.5	28.71
4962.6	30.836
4963.6	26.795
4964.7	26.32
4965.8	27.476
4966.9	30.436
4968.0	24.989
4969.1	23.875
4970.2	25.605
4971.2	28.982
4972.3	29.867
4973.4	26.207
4974.5	31.268
4975.6	26.92
4976.7	28.758
4977.8	27.474
4978.8	29.874
4979.9	29.3
4981.0	30.511
4982.1	28.095
4983.2	33.365
4984.3	27.536
4985.4	29.404
4986.5	27.231
4987.5	27.585
4988.6	30.769
4989.7	30.204
4990.8	25.463
4991.9	25.314
4993.0	26.207
4994.1	25.823
4995.1	26.834
4996.2	31.935
4997.3	26.734
4998.4	27.638
4999.5	29.601
5000.6	27.815
5001.7	29.303
5002.7	31.264
5003.8	28.687
5004.9	26.784
5006.0	26.387
5007.1	29.56
5008.2	30.706
5009.3	25.009
5010.3	26.235
5011.4	28.052
5012.5	25.224
5013.6	27.242
5014.7	30.844
5015.8	26.297
5016.9	29.48
5018.0	23.796
5019.0	31.593
5020.1	28.29
5021.2	28.395
5022.3	32.698
5023.4	30.886
5024.5	28.268
5025.6	28.568
5026.6	29.214
5027.7	28.377
5028.8	28.276
5029.9	32.812
5031.0	32.687
5032.1	27.765
5033.2	25.39
5034.2	18.695
5035.3	31.437
5036.4	26.755
5037.5	23.947
5038.6	26.596
5039.7	27.798
5040.8	27.504
5041.8	29.015
5042.9	30.764
5044.0	29.167
5045.1	32.265
5046.2	26.967
5047.3	29.377
5048.3	27.873
5049.4	29.23
5050.5	29.698
5051.6	27.012
5052.7	27.681
5053.8	25.268
5054.9	25.631
5055.9	24.844
5057.0	29.129
5058.1	26.945
5059.2	31.94
5060.3	28.82
5061.4	23.583
5062.5	28.513
5063.5	27.535
5064.6	26.32
5065.7	32.043
5066.8	27.901
5067.9	26.171
5069.0	30.131
5070.1	25.021
5071.1	21.59
5072.2	25.417
5073.3	28.332
5074.4	27.31
5075.5	30.708
5076.6	30.841
5077.6	24.439
5078.7	27.646
5079.8	23.123
5080.9	28.977
5082.0	27.399
5083.1	27.629
5084.2	31.837
5085.2	24.763
5086.3	27.937
5087.4	32.01
5088.5	25.241
5089.6	28.439
5090.7	22.272
5091.7	29.332
5092.8	27.691
5093.9	26.519
5095.0	24.381
5096.1	29.204
5097.2	28.917
5098.3	26.012
5099.3	25.03
5100.4	27.957
5101.5	27.117
5102.6	23.739
5103.7	25.261
5104.8	32.198
5105.8	28.862
5106.9	29.299
5108.0	23.744
5109.1	23.044
5110.2	25.743
5111.3	26.817
5112.4	20.786
5113.4	23.308
5114.5	25.462
5115.6	26.954
5116.7	26.077
5117.8	29.19
5118.9	31.865
5119.9	29.511
5121.0	27.752
5122.1	25.979
5123.2	25.303
5124.3	24.31
5125.4	24.537
5126.4	25.249
5127.5	27.78
5128.6	22.748
5129.7	22.844
5130.8	23.31
5131.9	26.105
5133.0	21.749
5134.0	25.824
5135.1	24.673
5136.2	25.804
5137.3	22.95
5138.4	24.867
5139.5	25.44
5140.5	26.145
5141.6	25.709
5142.7	27.218
5143.8	25.892
5144.9	30.704
5146.0	28.589
5147.0	32.881
5148.1	26.725
5149.2	27.794
5150.3	24.435
5151.4	26.075
5152.5	28.77
5153.5	28.782
5154.6	22.139
5155.7	27.115
5156.8	30.039
5157.9	21.685
5159.0	25.011
5160.0	23.634
5161.1	31.837
5162.2	28.015
5163.3	29.297
5164.4	27.681
5165.5	26.362
5166.5	28.63
5167.6	22.755
5168.7	20.818
5169.8	26.257
5170.9	27.065
5172.0	22.587
5173.0	24.887
5174.1	27.626
5175.2	23.153
5176.3	26.096
5177.4	24.476
5178.5	28.599
5179.5	28.361
5180.6	30.006
5181.7	29.697
5182.8	27.488
5183.9	25.916
5185.0	28.406
5186.0	22.642
5187.1	31.291
5188.2	34.082
5189.3	29.26
5190.4	25.032
5191.5	27.598
5192.5	28.513
5193.6	29.545
5194.7	27.018
5195.8	31.783
5196.9	22.605
5197.9	26.724
5199.0	25.434
5200.1	31.279
5201.2	24.805
5202.3	31.56
5203.4	25.718
5204.4	25.686
5205.5	29.425
5206.6	30.042
5207.7	26.614
5208.8	27.929
5209.9	25.966
5210.9	24.965
5212.0	23.286
5213.1	28.228
5214.2	22.653
5215.3	23.668
5216.3	26.328
5217.4	22.644
5218.5	26.562
5219.6	23.621
5220.7	24.643
5221.8	28.623
5222.8	29.389
5223.9	26.697
5225.0	27.774
5226.1	24.946
5227.2	29.744
5228.2	27.685
5229.3	22.892
5230.4	21.815
5231.5	25.231
5232.6	28.612
5233.7	23.005
5234.7	24.006
5235.8	24.833
5236.9	30.66
5238.0	23.014
5239.1	25.355
5240.1	20.191
5241.2	22.398
5242.3	27.933
5243.4	29.39
5244.5	31.666
5245.6	22.318
5246.6	23.82
5247.7	31.659
5248.8	25.513
5249.9	26.747
5251.0	21.453
5252.0	21.135
5253.1	25.066
5254.2	31.539
5255.3	27.386
5256.4	26.411
5257.5	26.14
5258.5	25.914
5259.6	28.984
5260.7	30.566
5261.8	29.636
5262.9	23.42
5263.9	31.593
5265.0	23.762
5266.1	22.679
5267.2	26.725
5268.3	27.594
5269.3	24.541
5270.4	27.214
5271.5	20.776
5272.6	23.236
5273.7	30.864
5274.7	26.506
5275.8	26.17
5276.9	29.856
5278.0	29.531
5279.1	31.417
5280.2	28.77
5281.2	20.948
5282.3	27.256
5283.4	28.636
5284.5	26.17
5285.6	23.414
5286.6	23.364
5287.7	29.978
5288.8	25.724
5289.9	23.912
5291.0	25.898
5292.0	35.087
5293.1	26.585
5294.2	36.683
5295.3	34.617
5296.4	28.197
5297.4	19.525
5298.5	25.108
5299.6	30.096
5300.7	29.724
5301.8	28.745
5302.8	22.312
5303.9	26.889
5305.0	30.262
5306.1	24.68
5307.2	30.183
5308.2	26.69
5309.3	25.963
5310.4	20.851
5311.5	27.155
5312.6	27.393
5313.6	24.888
5314.7	29.77
5315.8	25.689
5316.9	24.99
5318.0	24.538
5319.0	25.51
5320.1	27.101
5321.2	24.647
5322.3	22.895
5323.4	23.083
5324.4	29.217
5325.5	25.181
5326.6	26.834
5327.7	30.798
5328.8	25.775
5329.8	24.685
5330.9	27.407
5332.0	29.048
5333.1	25.194
5334.2	31.511
5335.2	21.048
5336.3	27.358
5337.4	29.166
5338.5	27.497
5339.5	17.763
5340.6	24.434
5341.7	31.709
5342.8	31.741
5343.9	24.025
5344.9	23.147
5346.0	27.939
5347.1	23.558
5348.2	20.047
5349.3	24.073
5350.3	20.742
5351.4	20.541
5352.5	22.18
5353.6	18.455
5354.7	26.105
5355.7	22.549
5356.8	24.573
5357.9	23.194
5359.0	28.294
5360.0	21.457
5361.1	23.479
5362.2	30.82
5363.3	21.729
5364.4	27.925
5365.4	28.075
5366.5	26.835
5367.6	23.885
5368.7	28.015
5369.8	24.038
5370.8	26.079
5371.9	24.753
5373.0	32.815
5374.1	23.772
5375.1	21.136
5376.2	26.641
5377.3	30.865
5378.4	25.087
5379.5	30.069
5380.5	27.507
5381.6	28.723
5382.7	20.518
5383.8	33.213
5384.9	25.438
5385.9	22.854
5387.0	24.927
5388.1	25.256
5389.2	26.898
5390.2	25.524
5391.3	26.256
5392.4	28.278
5393.5	20.838
5394.6	27.314
5395.6	27.23
5396.7	25.459
5397.8	23.596
5398.9	24.047
5399.9	26.997
5401.0	27.725
5402.1	24.859
5403.2	25.258
5404.2	25.01
5405.3	20.523
5406.4	17.824
5407.5	32.53
5408.6	31.483
5409.6	28.781
5410.7	31.772
5411.8	24.955
5412.9	30.7
5413.9	28.792
5415.0	28.013
5416.1	26.485
5417.2	26.073
5418.3	28.492
5419.3	28.661
5420.4	24.157
5421.5	34.406
5422.6	27.795
5423.6	22.662
5424.7	21.871
5425.8	27.194
5426.9	26.498
5427.9	28.545
5429.0	27.149
5430.1	24.661
5431.2	35.336
5432.3	23.192
5433.3	26.598
5434.4	24.668
5435.5	17.892
5436.6	24.402
5437.6	18.596
5438.7	26.203
5439.8	35.368
5440.9	23.75
5441.9	30.538
5443.0	17.42
5444.1	35.836
5445.2	14.836
5446.2	32.336
5447.3	23.534
5448.4	27.812
5449.5	23.294
5450.6	28.668
5451.6	17.571
5452.7	17.283
5453.8	24.989
5454.9	34.056
5455.9	31.883
5457.0	26.247
5458.1	29.63
5459.2	28.818
5460.2	26.768
5461.3	26.569
5462.4	34.473
5463.5	20.403
5464.5	24.707
5465.6	27.184
5466.7	22.888
5467.8	21.707
5468.8	20.488
5469.9	33.109
5471.0	29.965
5472.1	22.657
5473.1	21.079
5474.2	12.193
5475.3	14.889
5476.4	30.938
5477.4	30.746
5478.5	20.022
5479.6	19.567
5480.7	25.428
5481.7	23.614
5482.8	16.785
5483.9	18.415
5485.0	28.333
5486.0	26.003
5487.1	14.522
5488.2	29.071
5489.3	24.44
5490.3	20.363
5491.4	27.582
5492.5	15.951
5493.6	19.257
5494.6	21.243
5495.7	32.482
5496.8	19.223
5497.9	15.43
5498.9	25.544
5500.0	22.847
5501.1	16.032
5502.2	28.976
5503.2	17.011
5504.3	24.202
5505.4	21.802
5506.5	24.197
5507.5	10.526
5508.6	22.118
5509.7	18.17
5510.8	19.298
5511.8	13.583
5512.9	23.675
5514.0	37.031
5515.1	26.671
5516.1	17.775
5517.2	33.742
5518.3	21.517
5519.4	26.476
5520.4	24.045
5521.5	13.329
5522.6	29.504
5523.6	19.12
5524.7	21.168
5525.8	10.476
5526.9	20.466
5527.9	28.405
5529.0	20.971
5530.1	29.274
5531.2	21.335
5532.2	21.222
5533.3	23.686
5534.4	36.663
5535.5	36.173
5536.5	27.894
5537.6	16.223
5538.7	13.983
5539.8	20.505
5540.8	16.189
5541.9	24.709
5543.0	14.367
5544.0	21.409
5545.1	20.697
5546.2	27.145
5547.3	25.317
5548.3	20.028
5549.4	27.092
5550.5	30.341
5551.6	23.277
5552.6	27.191
5553.7	6.3212
5554.8	21.262
5555.8	26.294
5556.9	23.522
5558.0	25.464
5559.1	7.8649
5560.1	31.338
5561.2	17.693
5562.3	21.247
5563.4	18.578
5564.4	4.3146
5565.5	7.5706
5566.6	29.639
5567.6	19.852
5568.7	34.889
5569.8	33.338
5570.9	33.091
5571.9	35.327
5573.0	25.303
5574.1	34.413
5575.1	22.633
5576.2	21.323
5577.3	26.82
5578.4	9.7275
5579.4	17.63
5580.5	40.932
5581.6	10.797
5582.7	9.0423
5583.7	14.182
5584.8	3.6911
5585.9	27.613
5586.9	24.805
5588.0	26.943
5589.1	24.819
5590.2	27.45
5591.2	21.553
5592.3	2.65
5593.4	19.197
5594.4	34.046
5595.5	16.961
5596.6	18.292
5597.7	24.338
5598.7	41.323
5599.8	22.695
5600.9	20.884
5601.9	15.561
5603.0	10.891
5604.1	24.879
5605.2	23.209
5606.2	42.683
5607.3	10.181
5608.4	22.723
5609.4	15.183
5610.5	17.03
5611.6	10.866
5612.6	10.927
5613.7	15.073
5614.8	27.205
5615.9	13.77
5616.9	37.02
5618.0	15.92
5619.1	32.143
5620.1	-5.7172
5621.2	4.0618
5622.3	22.177
5623.4	35.564
5650.0	21.302
5651.5	20.996
5653.1	23.095
5654.6	23.486
5656.1	21.612
5657.7	20.504
5659.2	20.077
5660.7	21.852
5662.2	22.001
5663.8	21.328
5665.3	20.635
5666.8	22.299
5668.4	23.068
5669.9	23.528
5671.4	20.535
5672.9	21.328
5674.5	20.211
5676.0	21.467
5677.5	19.06
5679.1	20.118
5680.6	22.462
5682.1	20.049
5683.6	21.713
5685.2	20.773
5686.7	19.269
5688.2	20.525
5689.8	22.77
5691.3	21.492
5692.8	21.046
5694.3	21.818
5695.9	20.724
5697.4	21.477
5698.9	21.027
5700.5	18.581
5702.0	20.799
5703.5	20.886
5705.1	19.346
5706.6	19.406
5708.1	20.086
5709.6	21.74
5711.2	19.584
5712.7	19.401
5714.2	21.453
5715.8	20.84
5717.3	20.858
5718.8	19.93
5720.3	20.05
5721.9	19.998
5723.4	19.999
5724.9	20.646
5726.5	20.036
5728.0	19.665
5729.5	21.439
5731.0	20.235
5732.6	19.389
5734.1	19.574
5735.6	19.928
5737.2	19.707
5738.7	17.96
5740.2	19.031
5741.7	20.469
5743.3	19.674
5744.8	17.967
5746.3	19.872
5747.9	23.059
5749.4	21.503
5750.9	20.746
5752.5	21.104
5754.0	20.335
5755.5	20.044
5757.0	19.735
5758.6	22.021
5760.1	21.669
5761.6	18.338
5763.2	18.963
5764.7	21.338
5766.2	21.95
5767.7	20.517
5769.3	20.327
5770.8	21.573
5772.3	20.799
5773.9	20.434
5775.4	21.679
5776.9	20.135
5778.4	19.581
5780.0	19.444
5781.5	19.214
5783.0	20.433
5784.6	19.92
5786.1	20.017
5787.6	19.217
5789.2	16.974
5790.7	18.287
5792.2	18.864
5793.7	17.262
5795.3	17.167
5796.8	17.121
5798.3	18.375
5799.9	20.318
5801.4	19.482
5802.9	20.813
5804.4	21.192
5806.0	19.889
5807.5	20.922
5809.0	21.762
5810.6	21.791
5812.1	19.196
5813.6	18.429
5815.2	18.541
5816.7	18.612
5818.2	18.21
5819.7	18.691
5821.3	19.397
5822.8	20.311
5824.3	21.504
5825.9	20.78
5827.4	17.88
5828.9	19.241
5830.4	19.599
5832.0	20.754
5833.5	21.0
5835.0	17.79
5836.6	19.853
5838.1	20.128
5839.6	17.724
5841.2	19.305
5842.7	20.581
5844.2	21.851
5845.7	19.59
5847.3	20.633
5848.8	22.192
5850.3	20.388
5851.9	19.396
5853.4	18.926
5854.9	19.304
5856.4	22.222
5858.0	20.566
5859.5	17.487
5861.0	16.527
5862.6	20.411
5864.1	18.316
5865.6	19.735
5867.2	21.044
5868.7	20.218
5870.2	18.806
5871.7	18.453
5873.3	19.363
5874.8	22.308
5876.3	21.329
5877.9	19.022
5879.4	18.298
5880.9	19.083
5882.5	20.043
5884.0	17.564
5885.5	18.992
5887.0	20.837
5888.6	19.13
5890.1	18.547
5891.6	18.571
5893.2	18.301
5894.7	20.493
5896.2	20.717
5897.7	18.243
5899.3	21.644
5900.8	19.68
5902.3	21.156
5903.9	21.235
5905.4	20.667
5906.9	19.514
5908.5	18.488
5910.0	18.54
5911.5	18.874
5913.0	18.958
5914.6	20.733
5916.1	17.137
5917.6	19.971
5919.2	19.827
5920.7	17.717
5922.2	18.317
5923.8	18.357
5925.3	18.266
5926.8	19.165
5928.3	20.173
5929.9	19.932
5931.4	19.318
5932.9	17.617
5934.5	17.283
5936.0	21.308
5937.5	19.863
5939.1	18.209
5940.6	18.775
5942.1	18.563
5943.6	19.447
5945.2	17.295
5946.7	17.671
5948.2	20.494
5949.8	20.637
5951.3	18.373
5952.8	20.287
5954.4	21.694
5955.9	19.078
5957.4	16.958
5958.9	18.262
5960.5	17.859
5962.0	15.773
5963.5	17.263
5965.1	20.299
5966.6	18.701
5968.1	18.275
5969.7	17.685
5971.2	18.125
5972.7	16.435
5974.2	17.037
5975.8	17.073
5977.3	15.226
5978.8	19.351
5980.4	18.878
5981.9	18.45
5983.4	18.661
5985.0	20.515
5986.5	16.016
5988.0	18.5
5989.5	18.59
5991.1	18.385
5992.6	17.869
5994.1	18.766
5995.7	15.71
5997.2	18.45
5998.7	21.703
6000.3	19.538
6001.8	16.318
6003.3	18.049
6004.9	20.753
6006.4	17.629
6007.9	20.196
6009.4	18.506
6011.0	17.878
6012.5	17.152
6014.0	17.865
6015.6	20.694
6017.1	17.353
6018.6	22.168
6020.2	16.9
6021.7	17.52
6023.2	17.32
6024.7	18.222
6026.3	19.479
6027.8	19.158
6029.3	17.14
6030.9	19.804
6032.4	16.961
6033.9	17.079
6035.5	15.953
6037.0	19.108
6038.5	16.694
6040.1	18.525
6041.6	17.95
6043.1	16.407
6044.6	18.354
6046.2	17.742
6047.7	15.891
6049.2	18.319
6050.8	19.518
6052.3	17.41
6053.8	20.304
6055.4	17.697
6056.9	17.42
6058.4	18.145
6059.9	16.554
6061.5	18.489
6063.0	18.94
6064.5	17.838
6066.1	19.587
6067.6	18.188
6069.1	16.765
6070.7	16.938
6072.2	18.195
6073.7	16.941
6075.3	17.713
6076.8	19.21
6078.3	18.237
6079.8	17.089
6081.4	15.484
6082.9	17.912
6084.4	17.419
6086.0	17.411
6087.5	21.486
6089.0	17.189
6090.6	16.371
6092.1	17.461
6093.6	17.271
6095.2	18.313
6096.7	17.79
6098.2	19.055
6099.7	19.557
6101.3	17.253
6102.8	18.609
6104.3	16.686
6105.9	16.647
6107.4	17.627
6108.9	17.302
6110.5	16.47
6112.0	16.057
6113.5	18.208
6115.1	17.515
6116.6	15.695
6118.1	15.894
6119.6	17.298
6121.2	15.984
6122.7	16.985
6124.2	14.73
6125.8	16.981
6127.3	17.695
6128.8	14.76
6130.4	15.121
6131.9	16.307
6133.4	17.058
6135.0	17.313
6136.5	16.604
6138.0	15.227
6139.6	16.87
6141.1	16.934
6142.6	16.079
6144.1	17.218
6145.7	16.713
6147.2	16.866
6148.7	17.791
6150.3	16.733
6151.8	17.927
6153.3	15.633
6154.9	14.769
6156.4	16.911
6157.9	16.944
6159.5	14.032
6161.0	16.254
6162.5	15.834
6164.1	14.578
6165.6	17.037
6167.1	15.505
6168.6	15.095
6170.2	15.296
6171.7	16.23
6173.2	15.429
6174.8	15.034
6176.3	15.433
6177.8	13.721
6179.4	15.479
6180.9	17.816
6182.4	17.794
6184.0	15.813
6185.5	16.374
6187.0	17.629
6188.6	16.588
6190.1	15.411
6191.6	17.239
6193.1	16.663
6194.7	17.735
6196.2	16.742
6197.7	16.873
6199.3	15.245
6200.8	16.548
6202.3	15.166
6203.9	15.369
6205.4	16.564
6206.9	17.292
6208.5	14.607
6210.0	16.219
6211.5	15.958
6213.1	16.196
6214.6	17.031
6216.1	16.816
6217.6	15.954
6219.2	17.308
6220.7	18.587
6222.2	16.669
6223.8	16.219
6225.3	17.423
6226.8	16.99
6228.4	15.932
6229.9	16.87
6231.4	17.0
6233.0	16.924
6234.5	17.39
6236.0	17.113
6237.6	16.58
6239.1	16.849
6240.6	17.802
6242.2	18.227
6243.7	17.539
6245.2	16.97
6246.8	15.783
6248.3	17.263
6249.8	17.399
6251.3	17.014
6252.9	16.464
6254.4	16.573
6255.9	17.116
6257.5	17.857
6259.0	17.258
6260.5	15.731
6262.1	17.144
6263.6	18.215
6265.1	17.537
6266.7	16.889
6268.2	15.335
6269.7	16.062
6271.3	17.882
6272.8	18.094
6274.3	16.724
6275.9	15.991
6277.4	15.311
6278.9	15.26
6280.5	15.965
6282.0	16.238
6283.5	17.305
6285.0	16.517
6286.6	15.137
6288.1	16.531
6289.6	16.704
6291.2	16.855
6292.7	16.001
6294.2	16.378
6295.8	17.611
6297.3	15.465
6298.8	17.138
6300.4	17.23
6301.9	16.761
6303.4	17.841
6305.0	16.344
6306.5	15.965
6308.0	17.087
6309.6	17.349
6311.1	16.005
6312.6	16.838
6314.2	17.769
6315.7	16.735
6317.2	17.832
6318.8	18.324
6320.3	17.144
6321.8	16.869
6323.4	17.335
6324.9	18.557
6326.4	18.238
6327.9	17.081
6329.5	17.236
6331.0	16.868
6332.5	16.642
6334.1	17.702
6335.6	17.594
6337.1	17.027
6338.7	16.523
6340.2	17.543
6341.7	17.64
6343.3	16.417
6344.8	16.551
6346.3	16.933
6347.9	17.382
6349.4	17.166
6350.9	17.932
6352.5	17.715
6354.0	15.376
6355.5	15.779
6357.1	16.54
6358.6	15.674
6360.1	15.214
6361.7	16.769
6363.2	16.909
6364.7	16.522
6366.3	16.806
6367.8	16.946
6369.3	17.242
6370.9	16.583
6372.4	16.085
6373.9	14.719
6375.5	15.821
6377.0	17.041
6378.5	16.245
6380.1	16.421
6381.6	16.363
6383.1	17.482
6384.6	18.118
6386.2	16.925
6387.7	17.082
6389.2	16.984
6390.8	16.776
6392.3	17.344
6393.8	16.397
6395.4	15.371
6396.9	16.106
6398.4	16.857
6400.0	16.716
6401.5	16.091
6403.0	16.937
6404.6	17.146
6406.1	15.858
6407.6	16.427
6409.2	16.979
6410.7	18.04
6412.2	18.085
6413.8	17.138
6415.3	17.973
6416.8	17.356
6418.4	17.866
6419.9	16.473
6421.4	15.387
6423.0	15.94
6424.5	16.606
6426.0	16.556
6427.6	16.058
6429.1	14.877
6430.6	15.271
6432.2	16.318
6433.7	16.519
6435.2	16.127
6436.8	16.181
6438.3	16.398
6439.8	15.586
6441.4	15.593
6442.9	15.73
6444.4	15.587
6446.0	16.862
6447.5	17.236
6449.0	17.545
6450.6	17.748
6452.1	16.282
6453.6	15.914
6455.2	16.785
6456.7	17.912
6458.2	18.967
6459.8	18.954
6461.3	17.564
6462.8	16.777
6464.4	16.216
6465.9	16.518
6467.4	17.162
6469.0	16.596
6470.5	16.442
6472.0	15.827
6473.6	15.195
6475.1	15.965
6476.6	16.73
6478.2	16.348
6479.7	16.78
6481.2	16.366
6482.8	15.482
6484.3	16.528
6485.8	17.5
6487.4	15.842
6488.9	16.73
6490.4	16.367
6492.0	15.536
6493.5	17.383
6495.0	17.411
6496.6	17.624
6498.1	16.427
6499.6	17.106
6501.2	16.458
6502.7	16.973
6504.2	17.411
6505.8	16.714
6507.3	16.384
6508.8	16.336
6510.4	15.084
6511.9	16.103
6513.4	15.19
6515.0	15.041
6516.5	17.053
6518.0	17.548
6519.6	17.021
6521.1	16.987
6522.6	16.945
6524.2	17.543
6525.7	17.337
6527.2	16.815
6528.8	15.542
6530.3	14.339
6531.8	14.637
6533.4	15.903
6534.9	16.33
6536.4	15.298
6538.0	16.235
6539.5	16.316
6541.0	16.125
6542.6	17.372
6544.1	15.797
6545.6	15.673
6547.2	16.179
6548.7	16.3
6550.2	16.177
6551.8	15.678
6553.3	15.472
6554.8	16.695
6556.4	18.096
6557.9	16.423
6559.4	16.488
6561.0	15.636
6562.5	15.987
6564.0	16.566
6565.6	16.165
6567.1	16.604
6568.6	15.794
6570.2	16.203
6571.7	14.364
6573.2	15.52
6574.8	17.414
6576.3	16.097
6577.9	15.1
6579.4	15.816
6580.9	16.329
6582.5	15.484
6584.0	15.026
6585.5	15.973
6587.1	15.703
6588.6	14.634
6590.1	15.772
6591.7	16.659
6593.2	17.359
6594.7	16.385
6596.3	15.415
6597.8	15.748
6599.3	16.331
6600.9	17.984
6602.4	16.876
6603.9	15.267
6605.5	16.349
6607.0	16.308
6608.5	17.079
6610.1	16.417
6611.6	15.997
6613.1	15.538
6614.7	16.319
6616.2	15.44
6617.7	16.697
6619.3	17.2
6620.8	16.331
6622.3	16.9
6623.9	17.052
6625.4	16.553
6626.9	15.462
6628.5	16.051
6630.0	17.386
6631.6	16.238
6633.1	15.689
6634.6	14.079
6636.2	15.262
6637.7	15.45
6639.2	14.944
6640.8	14.021
6642.3	16.05
6643.8	16.239
6645.4	15.529
6646.9	16.34
6648.4	15.511
6650.0	14.852
6651.5	15.661
6653.0	15.739
6654.6	15.311
6656.1	16.023
6657.6	14.908
6659.2	14.732
6660.7	15.206
6662.2	15.639
6663.8	14.886
6665.3	15.249
6666.8	16.201
6668.4	15.048
6669.9	15.636
6671.4	16.379
6673.0	16.346
6674.5	15.648
6676.1	15.648
6677.6	14.383
6679.1	16.279
6680.7	14.324
6682.2	16.165
6683.7	16.288
6685.3	15.091
6686.8	16.373
6688.3	16.142
6689.9	15.968
6691.4	15.337
6692.9	14.352
6694.5	15.426
6696.0	15.243
6697.5	15.259
6699.1	15.538
6700.6	15.289
6702.1	15.145
6703.7	15.584
6705.2	15.415
6706.8	15.65
6708.3	16.177
6709.8	16.192
6711.4	14.465
6712.9	15.738
6714.4	15.094
6716.0	15.606
6717.5	15.525
6719.0	15.797
6720.6	15.348
6722.1	16.638
6723.6	15.576
6725.2	15.975
6726.7	16.031
6728.2	16.52
6729.8	15.226
6731.3	16.432
6732.8	15.822
6734.4	16.077
6735.9	16.613
6737.5	15.57
6739.0	14.642
6740.5	16.067
6742.1	14.666
6743.6	15.955
6745.1	15.389
6746.7	14.731
6748.2	14.767
6749.7	15.605
6751.3	16.299
6752.8	15.407
6754.3	15.733
6755.9	16.858
6757.4	16.123
6758.9	16.416
6760.5	15.287
6762.0	15.996
6763.6	16.189
6765.1	16.579
6766.6	15.899
6768.2	15.315
6769.7	16.012
6771.2	15.047
6772.8	15.969
6774.3	15.322
6775.8	14.54
6777.4	15.302
6778.9	15.241
6780.4	16.851
6782.0	15.657
6783.5	15.939
6785.1	16.904
6786.6	15.477
6788.1	15.552
6789.7	16.472
6791.2	13.826
6792.7	15.706
6794.3	17.094
6795.8	15.31
6797.3	15.581
6798.9	15.016
6800.4	15.177
6801.9	16.397
6803.5	14.738
6805.0	16.092
6806.6	15.666
6808.1	15.305
6809.6	15.308
6811.2	15.605
6812.7	15.734
6814.2	15.351
6815.8	15.511
6817.3	15.563
6818.8	16.587
6820.4	18.157
6821.9	16.372
6823.4	16.488
6825.0	15.224
6826.5	15.981
6828.1	16.114
6829.6	14.938
6831.1	15.826
6832.7	16.457
6834.2	13.827
6835.7	15.806
6837.3	16.746
6838.8	16.099
6840.3	16.384
6841.9	14.88
6843.4	15.58
6845.0	15.909
6846.5	14.494
6848.0	14.923
6849.6	12.897
6851.1	15.402
6852.6	15.632
6854.2	15.049
6855.7	14.258
6857.2	15.019
6858.8	15.536
6860.3	16.061
6861.8	14.804
6863.4	13.354
6864.9	15.134
6866.5	16.941
6868.0	14.273
6869.5	14.439
6871.1	14.901
6872.6	14.732
6874.1	15.264
6875.7	15.117
6877.2	15.385
6878.7	15.019
6880.3	14.703
6881.8	14.788
6883.4	14.191
6884.9	15.308
6886.4	14.978
6888.0	13.973
6889.5	14.383
6891.0	15.07
6892.6	14.671
6894.1	15.46
6895.6	14.43
6897.2	15.114
6898.7	14.986
6900.3	14.66
6901.8	14.452
6903.3	15.362
6904.9	16.015
6906.4	15.582
6907.9	14.837
6909.5	14.025
6911.0	15.602
6912.6	15.922
6914.1	14.028
6915.6	15.446
6917.2	16.298
6918.7	15.193
6920.2	14.393
6921.8	14.431
6923.3	14.775
6924.8	14.768
6926.4	14.007
6927.9	15.366
6929.5	14.265
6931.0	14.735
6932.5	14.805
6934.1	15.378
6935.6	16.167
6937.1	14.581
6938.7	15.187
6940.2	15.643
6941.7	14.614
6943.3	15.282
6944.8	15.876
6946.4	12.104
6947.9	15.182
6949.4	15.62
6951.0	15.642
6952.5	15.762
6954.0	14.48
6955.6	14.935
6957.1	13.88
6958.7	15.641
6960.2	14.785
6961.7	14.38
6963.3	15.564
6964.8	15.631
6966.3	14.157
6967.9	14.499
6969.4	14.163
6971.0	14.726
6972.5	14.64
6974.0	14.487
6975.6	15.177
6977.1	13.933
6978.6	13.797
6980.2	15.05
6981.7	13.319
6983.2	14.333
6984.8	14.128
6986.3	14.301
6987.9	13.745
6989.4	14.748
6990.9	15.381
6992.5	14.929
6994.0	16.087
6995.5	15.93
6997.1	16.157
6998.6	16.164
7000.2	13.749
7001.7	13.32
7003.2	15.626
7004.8	14.4
7006.3	13.892
7007.8	13.764
7009.4	14.212
7010.9	14.705
7012.5	13.309
7014.0	13.497
7015.5	12.572
7017.1	12.629
7018.6	13.361
7020.1	13.816
7021.7	12.902
7023.2	12.534
7024.8	12.11
7026.3	13.622
7027.8	13.383
7029.4	13.344
7030.9	12.923
7032.4	13.43
7034.0	14.959
7035.5	13.255
7037.1	14.107
7038.6	14.169
7040.1	14.356
7041.7	13.995
7043.2	14.022
7044.7	13.927
7046.3	13.171
7047.8	12.745
7049.4	14.096
7050.9	14.663
7052.4	15.443
7054.0	13.813
7055.5	13.733
7057.0	14.758
7058.6	14.032
7060.1	14.04
7061.7	14.986
7063.2	14.549
7064.7	14.57
7066.3	14.176
7067.8	15.079
7069.3	14.734
7070.9	14.128
7072.4	15.387
7074.0	14.717
7075.5	14.663
7077.0	15.329
7078.6	14.393
7080.1	14.833
7081.7	14.299
7083.2	14.901
7084.7	13.879
7086.3	13.767
7087.8	14.342
7089.3	14.632
7090.9	13.885
7092.4	14.89
7094.0	13.449
7095.5	14.101
7097.0	14.712
7098.6	14.625
7100.1	14.359
7101.6	13.373
7103.2	14.907
7104.7	14.305
7106.3	14.587
7107.8	15.037
7109.3	15.707
7110.9	15.828
7112.4	13.934
7114.0	15.176
7115.5	14.826
7117.0	13.193
7118.6	13.877
7120.1	14.733
7121.6	14.557
7123.2	15.391
7124.7	14.94
7126.3	14.343
7127.8	14.681
7129.3	14.666
7130.9	14.491
7132.4	14.252
7133.9	14.986
7135.5	13.662
7137.0	13.761
7138.6	14.062
7140.1	13.77
7141.6	15.308
7143.2	15.275
7144.7	14.764
7146.3	14.501
7147.8	14.511
7149.3	13.877
7150.9	13.972
7152.4	14.067
7153.9	14.8
7155.5	14.221
7157.0	13.626
7158.6	14.019
7160.1	14.308
7161.6	14.031
7163.2	13.309
7164.7	13.269
7166.3	13.652
7167.8	12.266
7169.3	13.521
7170.9	13.237
7172.4	13.657
7173.9	13.648
7175.5	13.55
7177.0	13.194
7178.6	13.399
7180.1	13.885
7181.6	13.127
7183.2	13.695
7184.7	14.836
7186.3	13.843
7187.8	13.073
7189.3	12.979
7190.9	13.982
7192.4	13.882
7194.0	14.106
7195.5	12.668
7197.0	12.975
7198.6	13.249
7200.1	13.017
7201.6	13.387
7203.2	14.162
7204.7	15.088
7206.3	14.898
7207.8	13.682
7209.3	13.917
7210.9	14.316
7212.4	15.555
7214.0	14.78
7215.5	13.596
7217.0	13.255
7218.6	13.063
7220.1	14.289
7221.7	14.721
7223.2	13.393
7224.7	13.584
7226.3	12.414
7227.8	12.781
7229.3	12.121
7230.9	13.144
7232.4	14.598
7234.0	14.502
7235.5	13.694
7237.0	14.479
7238.6	14.521
7240.1	13.37
7241.7	11.397
7243.2	12.848
7244.7	13.123
7246.3	12.128
7247.8	12.71
7249.4	14.028
7250.9	14.497
7252.4	13.397
7254.0	13.657
7255.5	14.3
7257.1	14.101
7258.6	13.664
7260.1	13.892
7261.7	13.784
7263.2	14.263
7264.7	13.535
7266.3	13.023
7267.8	14.157
7269.4	13.259
7270.9	12.63
7272.4	12.916
7274.0	12.134
7275.5	13.078
7277.1	12.062
7278.6	14.235
7280.1	14.235
7281.7	13.266
7283.2	13.595
7284.8	14.502
7286.3	12.369
7287.8	12.925
7289.4	13.232
7290.9	12.7
7292.5	12.728
7294.0	12.815
7295.5	13.183
7297.1	14.384
7298.6	14.868
7300.2	14.109
7301.7	14.592
7303.2	12.513
7304.8	12.385
7306.3	12.805
7307.9	13.347
7309.4	12.647
7310.9	11.899
7312.5	12.632
7314.0	14.045
7315.6	13.759
7317.1	13.754
7318.6	13.15
7320.2	13.165
7321.7	14.378
7323.3	13.898
7324.8	13.937
7326.3	14.093
7327.9	13.143
7329.4	13.208
7330.9	12.991
7332.5	13.266
7334.0	12.614
7335.6	15.434
7337.1	10.378
7338.6	12.693
7340.2	13.859
7341.7	13.172
7343.3	13.562
7344.8	12.304
7346.3	12.622
7347.9	13.233
7349.4	12.621
7351.0	12.379
7352.5	12.94
7354.0	13.977
7355.6	14.111
7357.1	13.583
7358.7	12.709
7360.2	13.275
7361.7	13.273
7363.3	13.599
7364.8	14.182
7366.4	13.142
7367.9	13.099
7369.4	13.778
7371.0	13.166
7372.5	13.218
7374.1	12.991
7375.6	12.902
7377.1	12.911
7378.7	13.823
7380.2	13.959
7381.8	13.833
7383.3	13.893
7384.9	13.36
7386.4	13.107
7387.9	13.271
7389.5	13.892
7391.0	13.368
7392.6	12.176
7394.1	12.307
7395.6	13.809
7397.2	13.856
7398.7	12.489
7400.3	13.271
7401.8	12.878
7403.3	13.005
7404.9	12.361
7406.4	12.246
7408.0	12.744
7409.5	12.695
7411.0	12.376
7412.6	12.855
7414.1	12.544
7415.7	11.867
7417.2	12.588
7418.7	12.894
7420.3	12.156
7421.8	11.16
7423.4	11.527
7424.9	13.068
7426.4	13.07
7428.0	13.348
7429.5	12.972
7431.1	12.921
7432.6	12.983
7434.1	11.959
7435.7	11.956
7437.2	13.033
7438.8	12.267
7440.3	12.348
7441.8	12.609
7443.4	12.638
7444.9	12.855
7446.5	12.536
7448.0	12.187
7449.5	12.585
7451.1	11.922
7452.6	12.354
7454.2	12.266
7455.7	12.255
7457.3	11.952
7458.8	11.856
7460.3	12.097
7461.9	12.214
7463.4	12.713
7465.0	13.372
7466.5	12.882
7468.0	12.618
7469.6	12.74
7471.1	13.364
7472.7	13.287
7474.2	13.075
7475.7	12.442
7477.3	12.598
7478.8	12.837
7480.4	12.411
7481.9	12.118
7483.4	12.519
7485.0	12.696
7486.5	13.062
7488.1	13.499
7489.6	13.515
7491.2	13.128
7492.7	13.602
7494.2	13.019
7495.8	12.802
7497.3	12.898
7498.9	13.139
7500.4	13.518
7501.9	13.182
7503.5	13.103
7505.0	12.736
7506.6	12.099
7508.1	12.43
7509.6	12.906
7511.2	13.362
7512.7	13.535
7514.3	13.243
7515.8	13.367
7517.4	12.868
7518.9	12.677
7520.4	12.673
7522.0	13.032
7523.5	13.117
7525.1	12.426
7526.6	12.054
7528.1	12.926
7529.7	13.396
7531.2	13.676
7532.8	13.186
7534.3	12.861
7535.8	13.384
7537.4	12.407
7538.9	12.045
7540.5	12.52
7542.0	12.888
7543.6	12.794
7545.1	13.087
7546.6	12.299
7548.2	12.561
7549.7	13.039
7551.3	12.876
7552.8	12.981
7554.3	12.053
7555.9	12.22
7557.4	12.764
7559.0	12.462
7560.5	12.649
7562.0	13.264
7563.6	12.789
7565.1	12.794
7566.7	13.224
7568.2	13.237
7569.8	12.072
7571.3	12.404
7572.8	12.574
7574.4	11.679
7575.9	11.944
7577.5	12.704
7579.0	12.814
7580.5	13.621
7582.1	14.628
7583.6	13.87
7585.2	13.241
7586.7	12.441
7588.3	12.097
7589.8	9.8673
7591.3	12.069
7592.9	12.341
7594.4	13.726
7596.0	12.822
7597.5	11.298
7599.0	13.663
7600.6	10.168
7602.1	9.8284
7603.7	17.804
7605.2	11.743
7606.8	12.484
7608.3	15.042
7609.8	13.335
7611.4	12.794
7612.9	13.637
7614.5	13.321
7616.0	12.473
7617.5	12.34
7619.1	12.833
7620.6	12.714
7622.2	12.651
7623.7	14.602
7625.3	13.832
7626.8	13.222
7628.3	12.101
7629.9	11.471
7631.4	12.061
7633.0	13.43
7634.5	14.667
7636.1	12.48
7637.6	11.934
7639.1	12.854
7640.7	12.96
7642.2	12.95
7643.8	13.09
7645.3	12.339
7646.8	12.38
7648.4	12.881
7649.9	12.747
7651.5	12.794
7653.0	14.637
7654.6	13.992
7656.1	12.601
7657.6	13.675
7659.2	13.118
7660.7	12.445
7662.3	12.993
7663.8	13.237
7665.4	12.385
7666.9	13.299
7668.4	13.255
7670.0	13.405
7671.5	12.865
7673.1	13.472
7674.6	12.697
7676.1	12.286
7677.7	12.922
7679.2	12.555
7680.8	13.365
7682.3	13.084
7683.9	13.169
7685.4	12.826
7686.9	13.148
7688.5	15.091
7690.0	13.196
7691.6	13.343
7693.1	13.056
7694.7	12.588
7696.2	13.062
7697.7	13.666
7699.3	13.133
7700.8	13.107
7702.4	12.974
7703.9	13.279
7705.5	12.907
7707.0	13.223
7708.5	13.097
7710.1	12.431
7711.6	12.62
7713.2	12.672
7714.7	14.355
7716.2	14.4
7717.8	12.965
7719.3	13.324
7720.9	13.301
7722.4	12.818
7724.0	12.148
7725.5	13.014
7727.0	13.557
7728.6	12.851
7730.1	12.281
7731.7	11.86
7733.2	12.277
7734.8	12.619
7736.3	12.26
7737.8	12.829
7739.4	12.47
7740.9	12.061
7742.5	12.302
7744.0	12.463
7745.6	12.245
7747.1	12.18
7748.6	12.891
7750.2	12.291
7751.7	11.321
7753.3	11.843
7754.8	12.202
7756.4	12.899
7757.9	13.446
7759.4	12.906
7761.0	12.673
7762.5	13.286
7764.1	12.897
7765.6	12.644
7767.2	12.746
7768.7	12.036
7770.2	12.765
7771.8	12.949
7773.3	11.917
7774.9	13.066
7776.4	13.628
7778.0	12.564
7779.5	12.295
7781.0	11.874
7782.6	12.121
7784.1	12.097
7785.7	11.565
7787.2	12.43
7788.8	11.969
7790.3	11.422
7791.8	11.736
7793.4	12.089
7794.9	13.391
7796.5	12.579
7798.0	12.434
7799.6	12.161
7801.1	11.653
7802.6	13.167
7804.2	12.605
7805.7	11.153
7807.3	12.154
7808.8	12.229
7810.4	12.131
7811.9	12.104
7813.4	11.957
7815.0	12.052
7816.5	11.621
7818.1	11.279
7819.6	11.68
7821.2	13.131
7822.7	11.631
7824.2	11.025
7825.8	11.838
7827.3	12.785
7828.9	12.693
7830.4	11.756
7832.0	11.894
7833.5	13.155
7835.0	12.637
7836.6	12.925
7838.1	12.707
7839.7	11.856
7841.2	12.236
7842.8	12.184
7844.3	12.827
7845.9	12.377
7847.4	12.205
7848.9	12.694
7850.5	12.045
7852.0	10.587
7853.6	12.473
7855.1	11.796
7856.7	12.067
7858.2	12.68
7859.7	12.414
7861.3	11.916
7862.8	11.667
7864.4	12.189
7865.9	11.155
7867.5	10.999
7869.0	13.748
7870.5	12.531
7872.1	12.154
7873.6	12.499
7875.2	12.764
7876.7	12.326
7878.3	12.694
7879.8	13.004
7881.3	12.663
7882.9	11.778
7884.4	12.949
7886.0	12.994
7887.5	11.394
7889.1	11.447
7890.6	12.68
7892.2	11.885
7893.7	12.191
7895.2	12.283
7896.8	12.331
7898.3	12.843
7899.9	12.326
7901.4	12.424
7903.0	11.898
7904.5	11.679
7906.0	11.065
7907.6	11.035
7909.1	11.24
7910.7	11.352
7912.2	11.03
7913.8	11.38
7915.3	11.874
7916.9	11.673
7918.4	11.657
7919.9	11.531
7921.5	11.538
7923.0	11.594
7924.6	12.07
7926.1	13.182
7927.7	13.56
7929.2	12.408
7930.7	11.434
7932.3	12.436
7933.8	12.658
7935.4	12.204
7936.9	11.826
7938.5	12.297
7940.0	11.775
7941.6	11.528
7943.1	11.966
7944.6	11.735
7946.2	11.737
7947.7	12.451
7949.3	12.795
7950.8	12.839
7952.4	11.645
7953.9	11.638
7955.4	11.963
7957.0	11.514
7958.5	12.177
7960.1	12.935
7961.6	12.606
7963.2	11.96
7964.7	12.095
7966.3	11.591
7967.8	11.758
7969.3	12.266
7970.9	12.92
7972.4	12.45
7974.0	12.742
7975.5	12.742
7977.1	13.262
7978.6	13.638
7980.2	12.86
7981.7	12.377
7983.2	11.731
7984.8	10.922
7986.3	11.91
7987.9	12.616
7989.4	13.655
7991.0	11.968
7992.5	12.679
7994.0	11.664
7995.6	11.125
7997.1	12.292
7998.7	11.662
8000.2	11.211
8001.8	12.418
8003.3	12.088
8004.9	11.986
8006.4	12.931
8007.9	12.956
8009.5	11.994
8011.0	11.836
8012.6	12.556
8014.1	12.114
8015.7	12.112
8017.2	12.776
8018.8	12.045
8020.3	11.967
8021.8	10.996
8023.4	10.852
8024.9	12.931
8026.5	12.547
8028.0	12.335
8029.6	13.037
8031.1	11.935
8032.7	11.518
8034.2	12.19
8035.7	11.597
8037.3	11.793
8038.8	11.557
8040.4	11.749
8041.9	11.481
8043.5	11.558
8045.0	12.116
8046.5	11.828
8048.1	12.096
8049.6	12.639
8051.2	11.495
8052.7	11.541
8054.3	11.911
8055.8	12.126
8057.4	13.048
8058.9	12.268
8060.4	11.437
8062.0	11.877
8063.5	11.506
8065.1	11.683
8066.6	12.242
8068.2	11.696
8069.7	11.792
8071.3	12.312
8072.8	12.11
8074.3	11.308
8075.9	11.381
8077.4	12.319
8079.0	12.361
8080.5	12.254
8082.1	12.18
8083.6	12.031
8085.2	11.771
8086.7	11.466
8088.2	11.999
8089.8	11.427
8091.3	11.159
8092.9	10.905
8094.4	10.764
8096.0	11.711
8097.5	12.22
8099.1	11.459
8100.6	11.274
8102.2	11.604
8103.7	11.259
8105.2	11.208
8106.8	11.292
8108.3	11.333
8109.9	11.406
8111.4	11.481
8113.0	11.36
8114.5	11.149
8116.1	11.705
8117.6	11.179
8119.1	11.495
8120.7	11.185
8122.2	11.174
8123.8	11.661
8125.3	11.416
8126.9	11.019
8128.4	10.114
8130.0	10.89
8131.5	11.502
8133.0	10.56
8134.6	11.554
8136.1	12.671
8137.7	12.247
8139.2	11.126
8140.8	10.993
8142.3	11.388
8143.9	10.617
8145.4	10.993
8146.9	11.686
8148.5	10.671
8150.0	11.332
8151.6	11.325
8153.1	11.916
8154.7	12.354
8156.2	11.337
8157.8	10.521
8159.3	9.9972
8160.9	10.061
8162.4	10.234
8163.9	10.447
8165.5	10.514
8167.0	10.59
8168.6	11.191
8170.1	11.581
8171.7	11.394
8173.2	10.65
8174.8	10.467
8176.3	9.3845
8177.8	9.5477
8179.4	10.608
8180.9	11.889
8182.5	11.814
8184.0	11.625
8185.6	11.444
8187.1	9.9029
8188.7	10.75
8190.2	11.6
8191.7	11.362
8193.3	10.326
8194.8	9.6987
8196.4	10.044
8197.9	11.139
8199.5	10.99
8201.0	10.835
8202.6	12.172
8204.1	12.181
8205.7	11.863
8207.2	12.176
8208.7	11.478
8210.3	11.381
8211.8	12.201
8213.4	12.316
8214.9	11.69
8216.5	11.821
8218.0	11.108
8219.6	10.943
8221.1	10.466
8222.6	9.099
8224.2	7.7142
8225.7	6.9629
8227.3	7.1343
8228.8	7.5243
8230.4	8.4586
8231.9	10.098
8233.5	10.808
8235.0	10.564
8236.6	10.933
8238.1	10.736
8239.6	10.538
8241.2	10.474
8242.7	10.652
8244.3	11.479
8245.8	11.997
8247.4	12.21
8248.9	12.367
8250.5	11.732
8252.0	10.623
8253.6	10.376
8255.1	11.084
8256.6	10.92
8258.2	11.157
8259.7	10.994
8261.3	11.264
8262.8	12.549
8264.4	12.352
8265.9	11.362
8267.5	11.976
8269.0	12.023
8270.6	11.741
8272.1	10.998
8273.6	10.639
8275.2	11.553
8276.7	10.933
8278.3	11.39
8279.8	11.241
8281.4	11.463
8282.9	12.882
8284.5	10.169
8286.0	10.356
8287.5	10.685
8289.1	11.384
8290.6	12.656
8292.2	11.298
8293.7	12.085
8295.3	12.713
8296.8	10.608
8298.4	10.961
8299.9	10.411
8301.5	11.185
8303.0	11.932
8304.5	12.073
8306.1	12.334
8307.6	11.213
8309.2	10.865
8310.7	12.285
8312.3	12.135
8313.8	12.166
8315.4	11.266
8316.9	10.872
8318.5	11.053
8320.0	11.569
8321.5	12.122
8323.1	11.814
8324.6	12.146
8326.2	12.314
8327.7	12.158
8329.3	12.135
8330.8	11.644
8332.4	11.685
8333.9	12.027
8335.5	11.377
8337.0	11.713
8338.5	11.48
8340.1	9.963
8341.6	10.64
8343.2	11.732
8344.7	13.469
8346.3	11.545
8347.8	10.956
8349.4	12.325
8350.9	11.157
8352.5	11.017
8354.0	10.119
8355.5	10.547
8357.1	11.495
8358.6	11.921
8360.2	12.818
8361.7	11.298
8363.3	11.226
8364.8	11.826
8366.4	10.833
8367.9	11.44
8369.5	11.793
8371.0	11.783
8372.5	10.71
8374.1	11.436
8375.6	12.346
8377.2	11.897
8378.7	12.446
8380.3	12.299
8381.8	12.448
8383.4	11.496
8384.9	11.68
8386.5	11.565
8388.0	11.377
8389.6	12.858
8391.1	12.328
8392.6	11.781
8394.2	11.949
8395.7	11.545
8397.3	10.382
8398.8	10.919
8400.4	12.048
8401.9	12.368
8403.5	11.986
8405.0	11.797
8406.6	11.322
8408.1	11.004
8409.6	11.909
8411.2	11.663
8412.7	10.965
8414.3	11.351
8415.8	11.193
8417.4	10.534
8418.9	10.314
8420.5	10.69
8422.0	11.832
8423.6	11.862
8425.1	10.671
8426.6	12.219
8428.2	12.324
8429.7	9.4961
8431.3	11.846
8432.8	11.037
8434.4	10.768
8435.9	11.033
8437.5	11.425
8439.0	11.276
8440.6	11.521
8442.1	10.864
8443.7	10.871
8445.2	11.061
8446.7	11.198
8448.3	10.555
8449.8	10.266
8451.4	9.3708
8452.9	9.7894
8454.5	10.566
8456.0	10.498
8457.6	10.63
8459.1	11.499
8460.7	12.337
8462.2	10.532
8463.7	8.9686
8465.3	9.7317
8466.8	11.439
8468.4	10.562
8469.9	11.121
8471.5	11.598
8473.0	10.502
8474.6	10.81
8476.1	10.677
8477.7	9.8276
8479.2	9.5366
8480.7	10.401
8482.3	10.982
8483.8	10.99
8485.4	10.745
8486.9	9.7389
8488.5	10.409
8490.0	11.328
8491.6	10.116
8493.1	10.299
8494.7	10.725
8496.2	10.329
8497.8	10.369
8499.3	10.618
8500.8	10.257
8502.4	10.443
8503.9	9.7742
8505.5	10.65
8507.0	9.8372
8508.6	9.5694
8510.1	9.6677
8511.7	10.775
8513.2	10.944
8514.8	11.036
8516.3	11.169
8517.9	10.347
8519.4	10.288
8520.9	9.8708
8522.5	10.145
8524.0	10.745
8525.6	10.622
8527.1	9.6983
8528.7	9.6154
8530.2	9.8038
8531.8	10.099
8533.3	10.327
8534.9	11.044
8536.4	10.431
8537.9	10.158
8539.5	9.9837
8541.0	9.567
8542.6	9.5419
8544.1	8.9966
8545.7	8.3852
8547.2	10.077
8548.8	11.063
8550.3	9.6956
8551.9	9.8616
8553.4	10.425
8555.0	10.138
8556.5	10.477
8558.0	10.278
8559.6	10.634
8561.1	10.362
8562.7	10.209
8564.2	10.832
8565.8	10.24
8567.3	10.184
8568.9	10.456
8570.4	10.927
8572.0	10.352
8573.5	9.6395
8575.1	9.8926
8576.6	10.789
8578.1	11.002
8579.7	10.566
8581.2	9.786
8582.8	10.109
8584.3	10.159
8585.9	10.329
8587.4	10.551
8589.0	9.5836
8590.5	9.7904
8592.1	9.7239
8593.6	9.5671
8595.1	10.281
8596.7	9.5503
8598.2	10.49
8599.8	10.25
8601.3	9.8735
8602.9	9.8406
8604.4	9.6102
8606.0	10.8
8607.5	11.801
8609.1	11.078
8610.6	11.172
8612.2	10.805
8613.7	11.206
8615.2	10.542
8616.8	10.251
8618.3	10.353
8619.9	9.51
8621.4	10.88
8623.0	11.21
8624.5	10.7
8626.1	10.47
8627.6	10.22
8629.2	10.912
8630.7	11.709
8632.3	10.625
8633.8	11.332
8635.3	11.15
8636.9	11.319
8638.4	10.761
8640.0	10.8
8641.5	10.928
8643.1	11.072
8644.6	10.85
8646.2	10.572
8647.7	10.462
8649.3	10.015
8650.8	9.7593
8652.4	11.5
8653.9	10.532
8655.4	10.673
8657.0	11.003
8658.5	11.593
8660.1	10.746
8661.6	9.2694
8663.2	9.402
8664.7	10.612
8666.3	8.3658
8667.8	2.7203
8669.4	-0.65602
8670.9	-7.8188
8672.5	-22.119
8674.0	-42.279
8675.5	-50.36
8677.1	-31.387
8678.6	-13.019
8680.2	3.311
8681.7	10.068
8683.3	10.367
8684.8	10.942
8686.4	10.595
8687.9	10.852
8689.5	10.976
8691.0	10.693
8692.5	11.749
8694.1	11.041
8695.6	11.345
8697.2	11.204
8698.7	10.64
8700.3	11.092
8701.8	10.809
8703.4	10.88
8704.9	10.991
8706.5	10.63
8708.0	10.316
8709.6	10.566
8711.1	11.341
8712.6	11.241
8714.2	12.064
8715.7	11.153
8717.3	10.83
8718.8	10.118
8720.4	10.054
8721.9	10.368
8723.5	11.184
8725.0	11.172
8726.6	9.7762
8728.1	10.537
8729.7	10.576
8731.2	10.903
8732.7	10.583
8734.3	10.77
8735.8	10.598
8737.4	10.701
8738.9	11.013
8740.5	10.594
8742.0	10.808
8743.6	11.36
8745.1	11.339
8746.7	11.071
8748.2	11.184
8749.8	11.509
8751.3	11.368
8752.8	10.673
8754.4	11.328
8755.9	10.817
8757.5	9.7378
8759.0	11.241
8760.6	11.085
8762.1	11.952
8763.7	11.088
8765.2	10.695
8766.8	11.835
8768.3	10.925
8769.9	10.539
8771.4	10.246
8772.9	10.603
8774.5	10.038
8776.0	9.6225
8777.6	12.487
8779.1	11.902
8780.7	11.328
8782.2	10.442
8783.8	10.472
8785.3	11.113
8786.9	11.209
8788.4	11.001
8790.0	11.943
8791.5	11.268
8793.0	11.189
8794.6	11.533
8796.1	11.372
8797.7	11.582
8799.2	10.493
8800.8	10.542
8802.3	11.528
8803.9	11.569
8805.4	11.276
8807.0	10.648
8808.5	11.044
8810.1	10.456
8811.6	10.655
8813.1	11.431
8814.7	11.053
8816.2	10.117
8817.8	10.631
8819.3	10.643
8820.9	10.693
8822.4	11.66
8824.0	8.877
8825.5	12.13
8827.1	7.3657
8828.6	9.5871
8830.1	12.026
8831.7	11.926
8833.2	12.658
8834.8	12.222
8836.3	11.266
8837.9	9.7037
8839.4	10.562
8841.0	10.488
8842.5	11.074
8844.1	10.773
8845.6	11.006
8847.2	10.292
8848.7	10.569
8850.2	10.347
8851.8	10.66
8853.3	12.207
8854.9	11.114
8856.4	11.491
8858.0	11.244
8859.5	11.827
8861.1	11.909
8862.6	11.977
8864.2	10.911
8865.7	10.146
8867.3	11.345
8868.8	11.211
8870.3	10.516
8871.9	10.511
8873.4	11.151
8875.0	11.037
8876.5	11.473
8878.1	11.981
8879.6	11.191
8881.2	11.03
8882.7	10.763
8884.3	9.9413
8885.8	10.944
8887.4	11.407
8888.9	10.824
8890.4	10.326
8892.0	10.737
8893.5	10.699
8895.1	10.598
8896.6	11.339
8898.2	11.5
8899.7	9.9436
8901.3	10.981
8902.8	10.244
8904.4	11.528
8905.9	10.175
8907.4	11.464
8909.0	11.174
8910.5	10.852
8912.1	11.276
8913.6	9.8281
8915.2	10.7
8916.7	10.334
8918.3	10.833
8919.8	11.199
8921.4	10.441
8922.9	11.131
8924.5	10.482
8926.0	9.7225
8927.5	10.684
8929.1	10.598
8930.6	9.5818
8932.2	10.327
8933.7	10.413
8935.3	10.455
8936.8	10.118
8938.4	9.8776
8939.9	11.293
8941.5	11.351
8943.0	10.989
8944.5	13.412
8946.1	15.144
8947.6	20.178
8949.2	19.232
8950.7	12.879
8952.3	11.708
8953.8	11.857
8955.4	10.196
8956.9	8.9193
8958.5	10.316
8960.0	10.565
8961.6	9.1835
8963.1	9.0557
8964.6	10.405
8966.2	11.126
8967.7	11.698
8969.3	10.678
8970.8	10.035
8972.4	10.472
8973.9	12.265
8975.5	11.936
8977.0	12.559
8978.6	12.765
8980.1	11.969
8981.6	12.354
8983.2	11.555
8984.7	8.8161
8986.3	6.6656
8987.8	5.8903
8989.4	9.0703
8990.9	11.463
8992.5	12.152
8994.0	14.569
8995.6	12.736
8997.1	10.032
8998.7	12.454
9000.2	10.394
9001.7	9.1132
9003.3	9.6375
9004.8	9.8634
9006.4	10.741
9007.9	10.336
9009.5	12.145
9011.0	11.615
9012.6	10.76
9014.1	10.382
9015.7	9.6336
9017.2	10.653
9018.7	11.67
9020.3	9.9903
9021.8	9.7759
9023.4	9.4279
9024.9	10.59
9026.5	11.192
9028.0	10.586
9029.6	11.956
9031.1	11.917
9032.7	11.921
9034.2	12.069
9035.7	10.679
9037.3	10.781
9038.8	10.404
9040.4	9.8139
9041.9	10.577
9043.5	9.3931
9045.0	9.9173
9046.6	10.43
9048.1	9.2888
9049.7	10.425
9051.2	9.1741
9052.8	9.8074
9054.3	11.133
9055.8	10.477
9057.4	10.681
9058.9	8.796
9060.5	8.7044
9062.0	10.394
9063.6	12.027
9065.1	11.216
9066.7	9.843
9068.2	8.6486
9069.8	8.9264
9071.3	8.439
9072.8	10.514
9074.4	11.652
9075.9	10.105
9077.5	9.0951
9079.0	9.3919
9080.6	8.9727
9082.1	9.2364
9083.7	9.7128
9085.2	11.028
9086.8	9.6225
9088.3	9.7328
9089.8	11.139
9091.4	11.138
9092.9	11.165
9094.5	9.7053
9096.0	9.6084
9097.6	9.7096
9099.1	9.9539
9100.7	11.21
9102.2	8.6568
9103.8	9.4258
9105.3	9.063
9106.8	8.8682
9108.4	11.866
9109.9	11.405
9111.5	10.855
9113.0	10.959
9114.6	9.1718
9116.1	8.4185
9117.7	9.5918
9119.2	10.566
9120.8	11.615
9122.3	10.901
9123.8	10.086
9125.4	9.2868
9126.9	9.6232
9128.5	8.1683
9130.0	7.8932
9131.6	8.3381
9133.1	7.864
9134.7	8.3522
9136.2	10.467
9137.7	11.184
9139.3	11.25
9140.8	11.298
9142.4	11.251
9143.9	10.74
9145.5	12.517
9147.0	10.834
9148.6	8.9666
9150.1	7.2862
9151.7	7.1129
9153.2	7.6055
9154.7	9.2477
9156.3	9.1705
9157.8	10.992
9159.4	11.515
9160.9	11.253
9162.5	12.702
9164.0	12.048
9165.6	11.128
9167.1	10.936
9168.7	8.841
9170.2	8.7852
9171.7	7.5795
9173.3	7.2873
9174.8	8.7711
9176.4	8.721
9177.9	10.218
9179.5	11.175
9181.0	9.472
9182.6	9.9891
9184.1	10.533
9185.6	10.325
9187.2	10.838
9188.7	10.53
9190.3	11.157
9191.8	10.473
9193.4	8.2087
9194.9	9.9557
9196.5	9.3845
9198.0	11.212
9199.6	9.731
9201.1	10.476
9202.6	10.759
9204.2	9.7045
9205.7	10.278
9207.3	9.5722
9208.8	9.1259
9210.4	10.371
9211.9	8.8461
9213.5	8.9348
9215.0	9.2675
9216.5	9.5744
9218.1	11.16
9219.6	10.023
9221.2	11.024
9222.7	10.271
9224.3	10.21
9225.8	10.007
9227.4	9.5365
9228.9	9.1737
9230.5	9.0244
9232.0	9.3594
9233.5	10.277
9235.1	9.8747
9236.6	9.7176
9238.2	10.216
9239.7	10.297
9241.3	9.8016
9242.8	9.2025
9244.4	8.6893
9245.9	9.392
9247.4	8.906
9249.0	10.479
9250.5	9.9792
9252.1	10.029
9253.6	10.983
9255.2	10.426
9256.7	9.6503
9258.3	9.4495
9259.8	9.0684
9261.3	9.7856
9262.9	10.225
9264.4	11.393
9266.0	10.269
9267.5	9.7072
9269.1	9.6399
9270.6	9.3105
9272.2	9.5674
9273.7	8.9195
9275.3	8.8875
9276.8	8.5566
9278.3	9.0752
9279.9	8.8262
9281.4	9.598
9283.0	9.3517
9284.5	10.566
9286.1	9.2106
9287.6	10.099
9289.2	10.511
9290.7	10.385
9292.2	8.4455
9293.8	8.5866
9295.3	9.8026
9296.9	9.539
9298.4	9.6545
9300.0	10.913
9301.5	10.342
9303.1	8.7081
9304.6	7.6121
9306.1	13.481
9307.7	5.5322
9309.2	9.2412
9310.8	9.9303
9312.3	8.0471
9313.9	19.845
9315.4	13.23
9317.0	10.436
9318.5	9.3678
9320.0	8.0154
9321.6	7.9675
9323.1	11.675
9324.7	5.6566
9326.2	8.3196
9327.8	8.9461
9329.3	9.0644
9330.9	6.5099
9332.4	7.5514
9333.9	7.7991
9335.5	7.6861
9337.0	9.0489
9338.6	6.8459
9340.1	7.274
9341.7	7.6251
9343.2	9.4452
9344.7	8.447
9346.3	11.032
9347.8	9.1619
9349.4	10.274
9350.9	11.232
9352.5	11.833
9354.0	7.7448
9355.6	9.0976
9357.1	9.143
9358.6	9.8386
9360.2	9.4858
9361.7	8.0785
9363.3	9.0539
9364.8	8.7077
9366.4	6.0683
9367.9	8.2346
9369.5	9.6815
9371.0	-0.49586
9372.5	3.8469
9374.1	7.177
9375.6	12.303
9377.2	9.6914
9378.7	9.0646
9380.3	8.3653
9381.8	4.7465
9383.3	7.6951
9384.9	9.3363
9386.4	9.0169
9388.0	8.4316
9389.5	8.0783
9391.1	8.9454
9392.6	8.3337
9394.2	9.1046
9395.7	9.3184
9397.2	8.878
9398.8	10.653
9400.3	5.835
9401.9	9.1682
9403.4	11.236
9405.0	8.2292
9406.5	8.9373
9408.1	8.9376
9409.6	10.087
9411.1	8.9879
9412.7	8.9703
9414.2	9.5444
9415.8	13.764
9417.3	8.0475
9418.9	5.4411
9420.4	9.9266
9421.9	9.2939
9423.5	7.8635
9425.0	9.7315
9426.6	8.0518
9428.1	7.2858
9429.7	10.082
9431.2	8.2937
9432.7	9.4988
9434.3	7.0709
9435.8	4.8333
9437.4	11.014
9438.9	-4.8208
9440.5	8.5501
9442.0	8.8958
9443.6	9.8091
9445.1	7.5503
9446.6	9.8398
9448.2	10.19
9449.7	8.9096
9451.3	7.3239
9452.8	12.042
9454.4	15.368
9455.9	10.667
9457.4	3.4067
9459.0	7.3242
9460.5	8.9826
9462.1	8.1112
9463.6	8.9243
9465.2	8.5918
9466.7	8.4175
9468.2	9.5235
9469.8	8.9946
9471.3	8.728
9472.9	15.188
9474.4	6.9772
9476.0	9.1684
9477.5	5.6495
9479.1	14.274
9480.6	8.1857
9482.1	8.4673
9483.7	11.077
9485.2	8.424
9486.8	9.5828
9488.3	9.6923
9489.9	10.395
9491.4	12.656
9492.9	10.162
9494.5	9.0201
9496.0	8.3882
9497.6	1.878
9499.1	14.829
9500.7	11.966
9502.2	9.8646
9503.7	9.6463
9505.3	8.5407
9506.8	8.7568
9508.4	10.464
9509.9	9.815
9511.5	9.2162
9513.0	8.3684
9514.5	6.829
9516.1	9.5318
9517.6	6.7204
9519.2	8.9011
9520.7	9.3164
9522.3	8.815
9523.8	8.2459
9525.3	8.9204
9526.9	9.9651
9528.4	9.4481
9530.0	8.405
9531.5	8.7824
9533.1	9.8941
9534.6	10.439
9536.1	8.0816
9537.7	8.0615
9539.2	10.221
9540.8	8.285
9542.3	9.1325
9543.9	8.1789
9545.4	8.2214
9546.9	7.2146
9548.5	7.2698
9550.0	5.2658
9551.6	9.1186
9553.1	6.6394
9554.7	9.2625
9556.2	10.002
9557.7	9.5632
9559.3	10.108
9560.8	6.7969
9562.4	12.698
9563.9	9.2528
9565.5	8.1434
9567.0	11.566
9568.5	11.271
9570.1	8.3269
9571.6	9.089
9573.2	8.5812
9574.7	9.5359
9576.2	10.059
9577.8	9.5473
9579.3	8.9567
9580.9	9.9618
9582.4	8.5474
9584.0	9.2347
9585.5	8.0243
9587.0	8.8042
9588.6	7.5586
9590.1	7.4107
9591.7	9.7952
9593.2	8.8419
9594.8	8.2958
9596.3	10.365
9597.8	10.83
9599.4	9.8378
9600.9	9.0777
9602.5	7.7205
9604.0	9.9321
9605.6	8.7115
9607.1	8.9016
9608.6	10.612
9610.2	10.652
9611.7	10.133
9613.3	10.56
9614.8	10.087
9616.3	8.828
9617.9	9.7732
9619.4	8.0344
9621.0	6.7265
9622.5	7.9542
9624.1	8.8077
9625.6	7.5619
9627.1	7.8847
9628.7	8.0858
9630.2	8.5156
9631.8	9.4289
9633.3	9.3616
9634.8	10.166
9636.4	8.4514
9637.9	7.8014
9639.5	7.8943
9641.0	9.2009
9642.6	9.5538
9644.1	11.723
9645.6	9.1823
9647.2	9.817
9648.7	11.21
9650.3	8.3202
9651.8	8.6566
9653.3	9.9621
9654.9	8.3441
9656.4	8.4135
9658.0	9.4006
9659.5	8.4508
9661.1	10.379
9662.6	10.967
9664.1	10.194
9665.7	9.6658
9667.2	8.4924
9668.8	9.7459
9670.3	8.8176
9671.8	8.5199
9673.4	8.0411
9674.9	10.731
9676.5	10.889
9678.0	10.194
9679.6	10.358
9681.1	7.2107
9682.6	8.585
9684.2	10.075
9685.7	9.9327
9687.3	9.8106
9688.8	9.962
9690.3	9.1399
9691.9	10.045
9693.4	10.919
9695.0	9.4767
9696.5	10.84
9698.0	7.6402
9699.6	7.9091
9701.1	8.7978
9702.7	9.8001
9704.2	10.379
9705.8	10.108
9707.3	8.7319
9708.8	12.251
9710.4	8.8123
9711.9	8.7652
9713.5	9.271
9715.0	11.192
9716.5	12.261
9718.1	8.2098
9719.6	8.0426
9721.2	6.6716
9722.7	7.5996
9724.2	10.168
9725.8	9.4364
9727.3	9.3002
9728.9	9.4024
9730.4	8.6195
9732.0	9.0226
9733.5	7.4981
9735.0	7.4978
9736.6	8.8982
9738.1	12.252
9739.7	11.331
9741.2	9.5522
9742.7	9.6596
9744.3	10.837
9745.8	9.852
9747.4	10.548
9748.9	8.6215
9750.4	9.1205
9752.0	9.4689
9753.5	8.3736
9755.1	8.623
9756.6	9.2582
9758.1	7.2908
9759.7	7.171
9761.2	8.7381
9762.8	7.9227
9764.3	8.868
9765.8	9.2206
9767.4	9.9008
9768.9	9.6508
9770.5	10.511
9772.0	9.0927
9773.5	8.6944
9775.1	8.9886
9776.6	8.0552
9778.2	9.0648
9779.7	9.7401
9781.2	8.5571
9782.8	10.522
9784.3	9.577
9785.9	12.17
9787.4	10.417
9788.9	7.4857
9790.5	8.4529
9792.0	7.5422
9793.6	9.283
9795.1	9.0867
9796.6	8.6377
9798.2	8.3795
9799.7	9.0101
9801.3	11.402
9802.8	10.312
9804.3	9.9
9805.9	8.9056
9807.4	9.9996
9809.0	9.3671
9810.5	9.2928
9812.0	8.9548
9813.6	9.0226
9815.1	9.2262
9816.7	9.0394
9818.2	9.3563
9819.7	8.4226
9821.3	8.3193
9822.8	8.1673
9824.4	8.7375
9825.9	9.3376
9827.4	9.1476
9829.0	8.7893
9830.5	8.824
9832.1	7.6212
9833.6	8.8098
9835.1	9.6739
9836.7	9.2928
9838.2	9.6401
9839.8	8.9211
9841.3	9.2207
9842.8	11.214
9844.4	10.097
9845.9	7.6493
9847.5	9.292
9849.0	7.76
9850.5	9.172
9852.1	9.5895
9853.6	9.562
9855.2	9.8876
9856.7	9.6538
9858.2	10.271
9859.8	9.7888
9861.3	9.1587
9862.8	9.0514
9864.4	9.7114
9865.9	9.4702
9867.5	6.5368
9869.0	6.9382
9870.5	5.5613
9872.1	8.4662
9873.6	10.478
9875.2	9.048
9876.7	9.1404
9878.2	10.107
9879.8	10.202
9881.3	9.8876
9882.9	9.3972
9884.4	8.6395
9885.9	7.976
9887.5	7.701
9889.0	7.8307
9890.6	6.7721
9892.1	8.6047
9893.6	9.0396
9895.2	7.3827
9896.7	8.4239
9898.2	8.6532
9899.8	8.7455
9901.3	8.213
9902.9	9.3061
9904.4	8.8643
9905.9	9.209
9907.5	10.104
9909.0	7.5301
9910.6	10.265
9912.1	8.3372
9913.6	9.0091
9915.2	9.2747
9916.7	9.0514
9918.2	8.1702
9919.8	7.8453
9921.3	8.8974
9922.9	8.6648
9924.4	8.4552
9925.9	9.0124
9927.5	9.0724
9929.0	8.5265
9930.6	8.457
9932.1	9.4447
9933.6	8.5506
9935.2	8.887
9936.7	8.387
9938.2	6.8883
9939.8	5.9251
9941.3	7.4478
9942.9	8.2544
9944.4	9.5488
9945.9	10.776
9947.5	9.235
9949.0	8.0106
9950.5	7.8791
9952.1	5.2266
9953.6	6.3728
9955.2	7.5193
9956.7	7.657
9958.2	9.6781
9959.8	8.0575
9961.3	8.867
9962.9	8.7325
9964.4	9.1113
9965.9	8.8943
9967.5	7.5443
9969.0	9.7711
9970.5	11.088
9972.1	9.2835
9973.6	8.5919
9975.2	8.1199
9976.7	9.045
9978.2	7.6136
9979.8	8.0063
9981.3	9.5127
9982.8	9.156
9984.4	9.3812
9985.9	8.8399
9987.5	7.5712
9989.0	9.0418
9990.5	9.2953
9992.1	8.8602
9993.6	7.1703
9995.1	7.5567
9996.7	8.9136
9998.2	9.7259
9999.8	10.042
10001.0	8.8183
10003.0	8.5345
10004.0	9.0536
10006.0	7.9314
10007.0	7.2098
10009.0	6.2262
10011.0	6.78
10012.0	7.9352
10014.0	7.8645
10015.0	9.868
10017.0	7.622
10018.0	6.9721
10020.0	10.739
10021.0	8.6134
10023.0	6.3446
10024.0	7.7244
10026.0	7.6706
10027.0	6.8618
10029.0	8.6432
10030.0	9.5701
10032.0	9.1565
10034.0	9.3726
10035.0	8.6057
10037.0	8.208
10038.0	8.0464
10040.0	8.4054
10041.0	7.3803
10043.0	8.4738
10044.0	7.7403
10046.0	7.1394
10047.0	7.3679
10049.0	8.676
10050.0	9.2536
10052.0	8.8082
10054.0	8.9084
10055.0	8.305
10057.0	7.1114
10058.0	6.3173
10060.0	9.0527
10061.0	9.9773
10063.0	8.9124
10064.0	8.5113
10066.0	8.1468
10067.0	8.3578
10069.0	6.8508
10070.0	5.6981
10072.0	8.0983
10074.0	8.3576
10075.0	7.1789
10077.0	8.2886
10078.0	10.493
10080.0	7.299
10081.0	7.064
10083.0	8.4646
10084.0	5.2808
10086.0	6.5717
10087.0	7.5993
10089.0	5.9381
10090.0	6.997
10092.0	8.8287
10093.0	9.0488
10095.0	8.5631
10097.0	7.2614
10098.0	9.7448
10100.0	10.604
10101.0	8.6765
10103.0	7.3278
10104.0	7.7027
10106.0	8.5306
10107.0	7.933
10109.0	7.91
10110.0	7.6026
10112.0	7.6172
10113.0	6.5655
10115.0	8.6447
10117.0	9.05
10118.0	4.4107
10120.0	4.0553
10121.0	2.4243
10123.0	1.9795
10124.0	4.9728
10126.0	5.6099
10127.0	6.0685
10129.0	6.8357
10130.0	6.5755
10132.0	8.5744
10133.0	8.2387
10135.0	7.2434
10136.0	7.5812
10138.0	7.5893
10140.0	8.1418
10141.0	6.2726
10143.0	5.8095
10144.0	5.8344
10146.0	5.234
10147.0	6.9541
10149.0	5.9149
10150.0	5.7155
10152.0	7.0265
10153.0	7.1247
10155.0	7.7741
10156.0	6.9456
10158.0	4.5537
10159.0	7.2136
10161.0	10.047
10163.0	7.4477
10164.0	7.525
10166.0	6.1178
10167.0	4.1798
10169.0	7.0791
10170.0	6.5269
10172.0	7.7924
10173.0	8.8947
10175.0	5.7491
10176.0	5.9109
10178.0	6.8826
10179.0	7.145
10181.0	4.9438
10183.0	5.0368
10184.0	7.7872
10186.0	8.8032
10187.0	11.788
10189.0	10.518
10190.0	6.7903
10192.0	7.9243
10193.0	9.0459
10195.0	8.5049
10196.0	8.6522
10198.0	8.6449
10199.0	9.2997
10201.0	9.6912
10202.0	6.9467
10204.0	7.6101
10206.0	6.477
10207.0	3.5161
10209.0	5.9461
10210.0	9.1087
10212.0	7.7756
10213.0	3.7769
10215.0	4.156
10216.0	7.9642
10218.0	8.8214
10219.0	8.725
10221.0	9.6462
10222.0	8.6266
10224.0	7.712
10225.0	8.7368
10227.0	12.226
10229.0	12.266
10230.0	10.214
10232.0	8.2462
10233.0	6.9246
10235.0	6.3355
10236.0	4.6112
10238.0	5.2451
10239.0	9.0393
10241.0	9.6398
10242.0	8.5577
10244.0	10.374
10245.0	10.082
10247.0	6.1607
10248.0	6.559
10250.0	7.8183
10252.0	5.9873
10253.0	6.0804
10255.0	6.1347
10256.0	9.0091
10258.0	10.813
10259.0	9.9692
10261.0	8.9891
10262.0	12.036
10264.0	10.96
10265.0	11.457
10267.0	8.8754
10268.0	8.4774
10270.0	7.314
10271.0	7.9157
10273.0	9.4849
10275.0	9.011
10276.0	10.066
10278.0	9.1666
10279.0	9.7211
10281.0	12.506
10282.0	12.007
10284.0	15.118
10285.0	18.868
10287.0	14.671
10288.0	9.4368
10290.0	7.5846
10291.0	9.7429
10293.0	10.065
10294.0	7.857
10296.0	4.2201
10297.0	4.69
10299.0	7.7999
10301.0	11.545
10302.0	5.2728
10304.0	7.2558
10305.0	9.3203
10307.0	9.9064
10308.0	13.224
10310.0	11.323
10311.0	5.824
10313.0	5.6182
10314.0	5.7644
10316.0	5.9083
10317.0	5.0889
10319.0	-0.653
10320.0	5.3687
10322.0	5.9451
10324.0	5.67
10325.0	5.4329
10327.0	2.358
10328.0	1.4826
10330.0	4.8272
10331.0	8.2832
10333.0	9.8763
10334.0	2.5519
10336.0	8.4966
10337.0	9.7321
10339.0	9.2454
10340.0	10.101
10342.0	4.9137
10343.0	7.8562
10345.0	11.956
10347.0	14.759
10348.0	13.521
10350.0	15.966
10351.0	12.85
10353.0	6.7119
10354.0	6.4387
10356.0	13.418
10357.0	5.8376
10359.0	9.2861
10360.0	14.289
10362.0	4.7284
10363.0	12.563
10365.0	9.8534
10366.0	9.8708
10368.0	11.456
10369.0	11.555
10371.0	2.048
10373.0	-3.0041
10374.0	10.048
10376.0	15.486
10377.0	6.1544
10379.0	8.5123
10380.0	6.037
10382.0	6.0762
10383.0	13.924
10385.0	13.162
10386.0	11.746
10388.0	8.9059
10389.0	6.6718
10391.0	10.347
10392.0	5.9699
10394.0	3.5017
10395.0	1.0551
10397.0	10.999
10399.0	10.66
10400.0	5.4893
10402.0	14.079
10403.0	9.9504
10405.0	3.5737
10406.0	5.7246
10408.0	13.468
10409.0	14.619
10411.0	2.4992
10412.0	7.3534
10414.0	3.8444
10415.0	2.8493
10417.0	8.903
10418.0	-6.1089
10420.0	6.9838
10421.0	8.4667
10423.0	4.3692
10425.0	7.1405
10426.0	0.87946
10428.0	2.8894
10429.0	7.6793
10431.0	5.7601
10432.0	13.647
10434.0	-2.233
10435.0	1.5272
10437.0	9.7434
10438.0	15.972
10440.0	18.939
10441.0	12.656
10443.0	8.0194
10444.0	15.952
10446.0	9.0499
10447.0	22.884
10449.0	11.604
10451.0	8.9782
10452.0	13.548
10454.0	11.192
10455.0	9.5889
10457.0	9.8118
10458.0	6.0541
10460.0	25.205
10461.0	18.78
10463.0	10.162
10464.0	10.339
10466.0	7.3319
10467.0	5.4498
10469.0	14.703
10470.0	1.8043
10472.0	2.1448
10473.0	3.032
10475.0	15.81
10477.0	13.855
10478.0	10.88
10480.0	21.847
10481.0	5.2992
10483.0	16.383
10484.0	17.039
10486.0	5.7179
10487.0	16.711
10489.0	2.3308
10490.0	7.109
10492.0	6.7061
10493.0	10.095
10495.0	11.558
10496.0	9.0029
10498.0	20.098
10499.0	18.468
