3400.6	36.229
3401.6	39.539
3402.7	34.399
3403.8	37.105
3404.8	36.705
3405.9	32.214
3406.9	38.193
3408.0	40.35
3409.1	40.702
3410.1	38.975
3411.2	36.106
3412.3	25.239
3413.3	36.751
3414.4	38.866
3415.4	33.188
3416.5	35.852
3417.6	42.586
3418.6	48.801
3419.7	36.575
3420.8	37.055
3421.8	30.329
3422.9	35.067
3423.9	33.221
3425.0	43.317
3426.1	42.298
3427.1	37.185
3428.2	31.206
3429.3	29.741
3430.3	31.82
3431.4	39.078
3432.5	36.324
3433.5	31.727
3434.6	37.073
3435.6	38.397
3436.7	43.593
3437.8	41.132
3438.8	38.499
3439.9	37.545
3441.0	32.978
3442.0	34.875
3443.1	39.716
3444.2	37.514
3445.2	33.833
3446.3	32.318
3447.4	39.689
3448.4	41.146
3449.5	41.341
3450.5	34.554
3451.6	32.183
3452.7	36.019
3453.7	37.695
3454.8	34.716
3455.9	34.135
3456.9	34.513
3458.0	26.995
3459.1	33.68
3460.1	28.569
3461.2	29.041
3462.3	36.73
3463.3	36.732
3464.4	37.482
3465.5	28.042
3466.5	29.903
3467.6	33.597
3468.6	30.511
3469.7	28.593
3470.8	31.252
3471.8	35.955
3472.9	38.339
3474.0	35.215
3475.0	36.068
3476.1	35.625
3477.2	40.652
3478.2	36.857
3479.3	34.45
3480.4	37.726
3481.4	30.023
3482.5	30.013
3483.6	31.786
3484.6	31.162
3485.7	28.394
3486.8	32.334
3487.8	36.222
3488.9	33.258
3490.0	34.227
3491.0	32.285
3492.1	30.563
3493.2	34.218
3494.2	33.632
3495.3	33.982
3496.4	33.929
3497.4	39.883
3498.5	32.957
3499.6	32.357
3500.6	36.676
3501.7	36.034
3502.8	41.394
3503.8	38.552
3504.9	36.84
3506.0	34.738
3507.0	27.651
3508.1	31.628
3509.2	43.262
3510.2	37.041
3511.3	30.803
3512.4	32.966
3513.4	39.882
3514.5	35.604
3515.6	31.364
3516.6	34.971
3517.7	37.603
3518.8	32.229
3519.8	32.972
3520.9	34.452
3522.0	33.595
3523.0	31.351
3524.1	38.122
3525.2	35.137
3526.3	34.007
3527.3	31.894
3528.4	34.874
3529.5	33.29
3530.5	35.365
3531.6	30.056
3532.7	28.693
3533.7	32.667
3534.8	33.742
3535.9	31.797
3536.9	32.931
3538.0	32.517
3539.1	34.506
3540.1	37.691
3541.2	31.675
3542.3	32.548
3543.3	37.367
3544.4	37.766
3545.5	41.441
3546.5	37.349
3547.6	30.608
3548.7	28.543
3549.8	36.154
3550.8	39.726
3551.9	34.95
3553.0	29.159
3554.0	36.461
3555.1	35.747
3556.2	30.742
3557.2	35.569
3558.3	43.882
3559.4	34.076
3560.4	27.2
3561.5	27.324
3562.6	32.83
3563.7	27.94
3564.7	30.856
3565.8	29.91
3566.9	30.032
3567.9	33.071
3569.0	31.609
3570.1	32.515
3571.1	31.506
3572.2	32.873
3573.3	32.709
3574.4	30.991
3575.4	33.6
3576.5	31.35
3577.6	33.061
3578.6	33.474
3579.7	35.554
3580.8	29.933
3581.8	30.484
3582.9	33.448
3584.0	38.618
3585.1	34.374
3586.1	31.626
3587.2	33.163
3588.3	32.693
3589.3	32.877
3590.4	38.996
3591.5	37.718
3592.5	39.729
3593.6	36.37
3594.7	35.07
3595.8	33.907
3596.8	33.762
3597.9	29.729
3599.0	32.137
3600.0	30.193
3601.1	29.229
3602.2	28.739
3603.3	33.649
3604.3	31.989
3605.4	31.416
3606.5	33.038
3607.5	33.591
3608.6	30.142
3609.7	25.581
3610.8	30.506
3611.8	30.508
3612.9	31.974
3614.0	31.006
3615.0	32.854
3616.1	33.134
3617.2	34.205
3618.3	34.221
3619.3	37.476
3620.4	34.977
3621.5	34.88
3622.5	34.659
3623.6	32.147
3624.7	28.813
3625.8	30.872
3626.8	32.312
3627.9	35.467
3629.0	32.867
3630.0	29.868
3631.1	30.649
3632.2	33.582
3633.3	32.931
3634.3	31.128
3635.4	31.555
3636.5	31.812
3637.6	30.57
3638.6	31.86
3639.7	31.6
3640.8	31.084
3641.8	34.005
3642.9	32.569
3644.0	27.177
3645.1	30.071
3646.1	31.329
3647.2	31.891
3648.3	30.667
3649.3	32.508
3650.4	32.096
3651.5	29.988
3652.6	35.412
3653.6	34.028
3654.7	30.818
3655.8	33.418
3656.9	32.088
3657.9	31.663
3659.0	32.358
3660.1	31.866
3661.2	35.215
3662.2	34.214
3663.3	32.458
3664.4	32.968
3665.4	31.118
3666.5	30.899
3667.6	31.126
3668.7	31.801
3669.7	32.563
3670.8	29.657
3671.9	29.563
3673.0	32.628
3674.0	33.755
3675.1	32.068
3676.2	31.21
3677.3	32.604
3678.3	33.97
3679.4	31.398
3680.5	34.741
3681.6	36.835
3682.6	32.356
3683.7	33.56
3684.8	34.653
3685.8	29.142
3686.9	29.722
3688.0	32.318
3689.1	28.628
3690.1	29.32
3691.2	29.937
3692.3	30.311
3693.4	35.548
3694.4	32.378
3695.5	33.148
3696.6	31.595
3697.7	29.085
3698.7	28.055
3699.8	29.861
3700.9	29.738
3702.0	31.647
3703.0	31.643
3704.1	30.951
3705.2	30.375
3706.3	29.321
3707.3	28.637
3708.4	28.584
3709.5	29.791
3710.6	31.515
3711.6	31.082
3712.7	31.023
3713.8	32.194
3714.9	31.923
3715.9	31.247
3717.0	32.732
3718.1	30.391
3719.2	29.832
3720.2	28.024
3721.3	30.913
3722.4	33.069
3723.5	30.954
3724.5	30.352
3725.6	30.271
3726.7	29.156
3727.8	27.202
3728.8	29.673
3729.9	27.589
3731.0	29.919
3732.1	32.975
3733.1	32.671
3734.2	29.113
3735.3	32.775
3736.4	32.087
3737.4	32.827
3738.5	32.942
3739.6	33.669
3740.7	32.07
3741.8	29.841
3742.8	33.314
3743.9	33.132
3745.0	34.878
3746.1	31.487
3747.1	31.066
3748.2	32.995
3749.3	33.523
3750.4	32.989
3751.4	32.614
3752.5	31.454
3753.6	29.417
3754.7	33.99
3755.7	32.223
3756.8	31.653
3757.9	28.829
3759.0	29.673
3760.0	28.368
3761.1	31.074
3762.2	28.491
3763.3	30.619
3764.4	32.236
3765.4	31.677
3766.5	29.846
3767.6	31.024
3768.7	30.923
3769.7	29.037
3770.8	31.105
3771.9	30.007
3773.0	28.672
3774.0	29.76
3775.1	28.36
3776.2	29.419
3777.3	28.189
3778.4	30.307
3779.4	32.754
3780.5	33.723
3781.6	34.908
3782.7	33.264
3783.7	34.212
3784.8	35.902
3785.9	35.143
3787.0	31.106
3788.1	29.048
3789.1	27.608
3790.2	27.478
3791.3	27.204
3792.4	31.6
3793.4	28.857
3794.5	30.484
3795.6	31.894
3796.7	31.967
3797.7	30.641
3798.8	32.744
3799.9	31.377
3801.0	28.76
3802.1	29.028
3803.1	32.615
3804.2	31.028
3805.3	29.781
3806.4	29.909
3807.5	31.615
3808.5	29.779
3809.6	29.356
3810.7	29.562
3811.8	29.087
3812.8	29.112
3813.9	31.292
3815.0	32.102
3816.1	29.592
3817.2	28.879
3818.2	30.56
3819.3	31.115
3820.4	30.553
3821.5	31.875
3822.5	30.565
3823.6	29.331
3824.7	31.756
3825.8	29.157
3826.9	25.805
3827.9	29.938
3829.0	29.638
3830.1	30.575
3831.2	29.662
3832.3	29.439
3833.3	28.175
3834.4	30.915
3835.5	26.087
3836.6	27.972
3837.6	29.584
3838.7	28.136
3839.8	28.746
3840.9	29.168
3842.0	29.67
3843.0	30.425
3844.1	28.554
3845.2	29.334
3846.3	27.821
3847.4	28.076
3848.4	28.922
3849.5	29.431
3850.6	27.589
3851.7	26.622
3852.8	28.627
3853.8	28.362
3854.9	28.098
3856.0	26.705
3857.1	27.018
3858.2	28.035
3859.2	28.023
3860.3	28.815
3861.4	30.196
3862.5	29.455
3863.6	29.448
3864.6	31.539
3865.7	32.144
3866.8	31.096
3867.9	30.87
3868.9	27.429
3870.0	29.309
3871.1	30.629
3872.2	29.514
3873.3	28.772
3874.3	29.211
3875.4	31.572
3876.5	30.065
3877.6	28.803
3878.7	27.253
3879.7	29.255
3880.8	30.181
3881.9	31.111
3883.0	30.829
3884.1	30.738
3885.1	29.747
3886.2	29.881
3887.3	29.043
3888.4	30.499
3889.5	30.262
3890.6	30.294
3891.6	29.032
3892.7	28.181
3893.8	29.787
3894.9	29.658
3896.0	31.797
3897.0	32.548
3898.1	29.545
3899.2	30.579
3900.3	30.489
3901.4	30.862
3902.4	27.47
3903.5	26.479
3904.6	27.965
3905.7	31.896
3906.8	31.801
3907.8	29.588
3908.9	30.827
3910.0	28.12
3911.1	27.02
3912.2	26.778
3913.2	27.577
3914.3	29.228
3915.4	31.328
3916.5	30.065
3917.6	28.238
3918.7	29.787
3919.7	29.697
3920.8	29.216
3921.9	26.87
3923.0	26.908
3924.1	27.907
3925.1	28.853
3926.2	28.342
3927.3	27.112
3928.4	30.15
3929.5	27.743
3930.5	27.322
3931.6	26.435
3932.7	26.493
3933.8	27.102
3934.9	26.653
3936.0	26.812
3937.0	27.94
3938.1	27.135
3939.2	28.159
3940.3	29.861
3941.4	30.311
3942.4	28.933
3943.5	27.336
3944.6	29.181
3945.7	29.299
3946.8	29.511
3947.8	28.488
3948.9	28.041
3950.0	29.143
3951.1	28.459
3952.2	26.86
3953.3	26.705
3954.3	27.412
3955.4	28.77
3956.5	29.072
3957.6	27.23
3958.7	27.78
3959.8	27.634
3960.8	26.142
3961.9	25.131
3963.0	27.219
3964.1	29.06
3965.2	26.866
3966.2	27.302
3967.3	26.004
3968.4	27.412
3969.5	28.274
3970.6	28.791
3971.7	29.093
3972.7	28.848
3973.8	28.51
3974.9	29.91
3976.0	29.136
3977.1	25.878
3978.1	27.283
3979.2	30.091
3980.3	29.585
3981.4	27.071
3982.5	27.399
3983.6	27.152
3984.6	28.434
3985.7	29.29
3986.8	26.249
3987.9	25.168
3989.0	25.182
3990.1	25.01
3991.1	25.807
3992.2	26.115
3993.3	25.955
3994.4	26.507
3995.5	28.367
3996.6	28.889
3997.6	27.818
3998.7	25.521
3999.8	28.39
4000.9	28.393
4002.0	27.547
4003.1	28.326
4004.1	29.146
4005.2	28.673
4006.3	27.86
4007.4	29.581
4008.5	28.167
4009.6	26.835
4010.6	27.487
4011.7	27.771
4012.8	28.046
4013.9	27.104
4015.0	24.907
4016.1	23.802
4017.1	24.694
4018.2	28.347
4019.3	29.814
4020.4	29.901
4021.5	28.187
4022.6	28.191
4023.6	26.351
4024.7	27.374
4025.8	26.023
4026.9	24.849
4028.0	28.096
4029.1	27.372
4030.1	29.587
4031.2	28.691
4032.3	27.444
4033.4	25.287
4034.5	25.511
4035.6	25.711
4036.6	25.644
4037.7	27.643
4038.8	27.305
4039.9	26.961
4041.0	27.42
4042.1	26.738
4043.1	25.44
4044.2	25.787
4045.3	29.627
4046.4	28.557
4047.5	23.623
4048.6	23.92
4049.6	26.317
4050.7	26.064
4051.8	27.931
4052.9	24.049
4054.0	25.29
4055.1	24.152
4056.1	25.528
4057.2	27.277
4058.3	25.661
4059.4	26.226
4060.5	27.808
4061.6	27.284
4062.7	24.944
4063.7	24.073
4064.8	23.805
4065.9	25.838
4067.0	27.715
4068.1	27.511
4069.2	26.61
4070.2	27.889
4071.3	27.811
4072.4	27.209
4073.5	28.54
4074.6	28.404
4075.7	25.385
4076.8	27.76
4077.8	26.556
4078.9	25.388
4080.0	27.06
4081.1	28.072
4082.2	29.127
4083.3	27.677
4084.3	26.747
4085.4	25.272
4086.5	25.99
4087.6	26.235
4088.7	26.412
4089.8	27.145
4090.9	27.444
4091.9	27.753
4093.0	27.426
4094.1	26.422
4095.2	28.107
4096.3	26.457
4097.4	27.706
4098.4	27.727
4099.5	29.329
4100.6	30.625
4101.7	29.577
4102.8	28.828
4103.9	31.334
4105.0	30.664
4106.0	31.608
4107.1	30.782
4108.2	27.605
4109.3	27.243
4110.4	26.397
4111.5	26.189
4112.5	26.904
4113.6	28.842
4114.7	28.103
4115.8	28.173
4116.9	30.826
4118.0	30.13
4119.1	27.925
4120.1	31.333
4121.2	29.588
4122.3	28.967
4123.4	27.914
4124.5	26.428
4125.6	27.901
4126.7	28.858
4127.7	26.903
4128.8	28.322
4129.9	26.234
4131.0	27.469
4132.1	27.747
4133.2	27.295
4134.3	26.429
4135.3	27.378
4136.4	28.294
4137.5	26.886
4138.6	27.155
4139.7	27.424
4140.8	27.746
4141.9	28.804
4142.9	27.952
4144.0	28.398
4145.1	27.429
4146.2	27.261
4147.3	27.375
4148.4	28.339
4149.5	27.723
4150.5	25.909
4151.6	26.804
4152.7	25.2
4153.8	26.21
4154.9	28.33
4156.0	25.531
4157.1	25.559
4158.1	28.051
4159.2	27.145
4160.3	24.92
4161.4	27.567
4162.5	29.476
4163.6	28.823
4164.7	27.946
4165.7	27.206
4166.8	26.188
4167.9	27.132
4169.0	26.25
4170.1	26.282
4171.2	26.915
4172.3	28.976
4173.3	27.552
4174.4	27.338
4175.5	25.59
4176.6	25.601
4177.7	25.278
4178.8	23.689
4179.9	20.086
4180.9	24.028
4182.0	27.357
4183.1	28.241
4184.2	23.557
4185.3	23.002
4186.4	24.511
4187.5	26.376
4188.6	27.59
4189.6	27.995
4190.7	26.64
4191.8	26.022
4192.9	24.257
4194.0	24.981
4195.1	25.526
4196.2	24.238
4197.2	24.489
4198.3	25.011
4199.4	23.264
4200.5	26.367
4201.6	27.556
4202.7	24.385
4203.8	24.869
4204.8	25.721
4205.9	25.219
4207.0	26.631
4208.1	24.04
4209.2	23.425
4210.3	24.542
4211.4	24.953
4212.5	24.346
4213.5	24.51
4214.6	23.906
4215.7	22.536
4216.8	23.945
4217.9	25.969
4219.0	23.053
4220.1	24.838
4221.1	25.996
4222.2	26.102
4223.3	22.842
4224.4	22.556
4225.5	23.476
4226.6	25.391
4227.7	25.559
4228.8	24.825
4229.8	24.104
4230.9	24.037
4232.0	23.149
4233.1	20.757
4234.2	23.095
4235.3	24.309
4236.4	23.768
4237.4	24.306
4238.5	25.632
4239.6	26.324
4240.7	24.837
4241.8	23.279
4242.9	23.601
4244.0	23.984
4245.1	24.751
4246.1	22.333
4247.2	21.342
4248.3	21.872
4249.4	24.155
4250.5	23.773
4251.6	24.149
4252.7	23.734
4253.8	24.319
4254.8	21.801
4255.9	22.087
4257.0	21.948
4258.1	21.696
4259.2	22.751
4260.3	22.035
4261.4	24.353
4262.5	24.636
4263.5	22.874
4264.6	22.497
4265.7	22.086
4266.8	21.352
4267.9	20.608
4269.0	19.529
4270.1	22.176
4271.1	22.789
4272.2	20.77
4273.3	20.966
4274.4	22.185
4275.5	20.353
4276.6	21.575
4277.7	21.873
4278.8	19.767
4279.8	20.855
4280.9	21.7
4282.0	19.983
4283.1	21.004
4284.2	20.397
4285.3	22.316
4286.4	23.09
4287.5	21.088
4288.5	21.811
4289.6	22.027
4290.7	19.31
4291.8	20.845
4292.9	21.159
4294.0	22.429
4295.1	21.777
4296.2	20.615
4297.2	21.555
4298.3	21.057
4299.4	21.478
4300.5	21.974
4301.6	22.417
4302.7	22.128
4303.8	21.314
4304.9	20.481
4305.9	22.053
4307.0	22.539
4308.1	23.814
4309.2	24.237
4310.3	21.011
4311.4	21.93
4312.5	24.153
4313.6	23.425
4314.6	23.026
4315.7	23.114
4316.8	23.794
4317.9	23.695
4319.0	23.393
4320.1	24.054
4321.2	22.26
4322.3	21.547
4323.4	21.749
4324.4	23.326
4325.5	22.66
4326.6	23.592
4327.7	23.664
4328.8	22.398
4329.9	23.224
4331.0	23.162
4332.1	23.48
4333.1	24.224
4334.2	22.859
4335.3	23.578
4336.4	23.351
4337.5	23.57
4338.6	25.137
4339.7	25.349
4340.8	26.064
4341.8	25.343
4342.9	24.525
4344.0	23.505
4345.1	23.859
4346.2	26.033
4347.3	24.221
4348.4	23.993
4349.5	25.239
4350.5	24.758
4351.6	22.961
4352.7	23.025
4353.8	24.63
4354.9	24.713
4356.0	23.652
4357.1	25.089
4358.2	23.456
4359.3	26.107
4360.3	26.885
4361.4	24.325
4362.5	24.72
4363.6	25.234
4364.7	23.382
4365.8	22.987
4366.9	24.926
4368.0	25.04
4369.0	26.19
4370.1	24.478
4371.2	24.939
4372.3	24.384
4373.4	26.549
4374.5	26.702
4375.6	25.131
4376.7	24.839
4377.8	25.389
4378.8	27.136
4379.9	24.936
4381.0	23.884
4382.1	25.975
4383.2	25.955
4384.3	26.221
4385.4	25.23
4386.5	25.413
4387.5	24.221
4388.6	21.928
4389.7	23.421
4390.8	24.926
4391.9	24.552
4393.0	23.909
4394.1	24.547
4395.2	25.2
4396.3	24.147
4397.3	25.565
4398.4	25.514
4399.5	24.088
4400.6	23.542
4401.7	24.215
4402.8	27.068
4403.9	26.08
4405.0	25.993
4406.0	26.261
4407.1	24.98
4408.2	23.334
4409.3	22.805
4410.4	24.066
4411.5	24.502
4412.6	25.431
4413.7	22.807
4414.8	21.087
4415.8	23.252
4416.9	25.14
4418.0	23.805
4419.1	22.551
4420.2	24.249
4421.3	23.215
4422.4	23.071
4423.5	22.473
4424.6	22.576
4425.6	24.271
4426.7	24.099
4427.8	24.956
4428.9	23.481
4430.0	23.301
4431.1	23.81
4432.2	23.96
4433.3	22.347
4434.3	23.755
4435.4	25.092
4436.5	25.115
4437.6	23.813
4438.7	22.765
4439.8	23.129
4440.9	22.072
4442.0	22.256
4443.1	24.562
4444.1	25.442
4445.2	24.461
4446.3	23.518
4447.4	23.683
4448.5	22.638
4449.6	22.282
4450.7	24.105
4451.8	23.735
4452.9	23.724
4453.9	22.005
4455.0	20.584
4456.1	22.011
4457.2	22.803
4458.3	24.227
4459.4	23.288
4460.5	24.087
4461.6	24.626
4462.6	24.922
4463.7	23.311
4464.8	23.475
4465.9	24.284
4467.0	23.907
4468.1	22.339
4469.2	23.636
4470.3	23.221
4471.4	20.947
4472.4	24.408
4473.5	23.388
4474.6	23.342
4475.7	22.748
4476.8	22.36
4477.9	22.286
4479.0	23.74
4480.1	23.462
4481.2	21.702
4482.2	22.683
4483.3	23.528
4484.4	24.178
4485.5	24.93
4486.6	22.866
4487.7	23.522
4488.8	23.15
4489.9	22.214
4491.0	23.442
4492.0	22.499
4493.1	22.605
4494.2	23.513
4495.3	25.872
4496.4	23.601
4497.5	22.739
4498.6	21.561
4499.7	21.58
4500.8	21.495
4501.8	22.558
4502.9	22.352
4504.0	21.786
4505.1	22.236
4506.2	22.868
4507.3	22.127
4508.4	20.859
4509.5	21.655
4510.6	21.846
4511.6	21.58
4512.7	22.552
4513.8	22.133
4514.9	22.254
4516.0	25.231
4517.1	25.956
4518.2	23.606
4519.3	21.614
4520.3	22.041
4521.4	24.072
4522.5	23.806
4523.6	22.241
4524.7	21.348
4525.8	22.676
4526.9	21.009
4528.0	21.806
4529.1	22.774
4530.1	22.462
4531.2	22.35
4532.3	22.34
4533.4	21.514
4534.5	22.404
4535.6	22.566
4536.7	23.115
4537.8	23.014
4538.9	23.119
4539.9	23.358
4541.0	22.328
4542.1	21.986
4543.2	21.47
4544.3	19.989
4545.4	21.282
4546.5	20.835
4547.6	20.931
4548.7	19.896
4549.7	21.314
4550.8	21.905
4551.9	21.396
4553.0	23.006
4554.1	20.633
4555.2	21.326
4556.3	20.415
4557.4	19.827
4558.5	22.852
4559.5	21.736
4560.6	20.487
4561.7	20.954
4562.8	19.83
4563.9	19.839
4565.0	21.534
4566.1	21.546
4567.2	21.283
4568.3	22.572
4569.3	22.222
4570.4	20.33
4571.5	20.239
4572.6	20.491
4573.7	21.88
4574.8	21.755
4575.9	20.575
4577.0	20.452
4578.1	21.612
4579.1	20.187
4580.2	19.828
4581.3	23.306
4582.4	23.415
4583.5	21.509
4584.6	20.691
4585.7	20.654
4586.8	19.75
4587.8	19.597
4588.9	21.477
4590.0	22.268
4591.1	20.045
4592.2	20.316
4593.3	21.172
4594.4	20.362
4595.5	21.425
4596.6	22.25
4597.6	21.597
4598.7	21.327
4599.8	21.644
4600.9	21.391
4602.0	22.364
4603.1	21.648
4604.2	20.947
4605.3	20.56
4606.4	20.839
4607.4	19.533
4608.5	22.341
4609.6	23.696
4610.7	20.364
4611.8	19.726
4612.9	22.76
4614.0	24.005
4615.1	22.796
4616.2	23.428
4617.2	22.821
4618.3	20.797
4619.4	20.814
4620.5	19.948
4621.6	19.331
4622.7	21.621
4623.8	20.855
4624.9	20.5
4626.0	20.451
4627.0	19.61
4628.1	19.661
4629.2	20.719
4630.3	20.636
4631.4	20.924
4632.5	20.382
4633.6	19.11
4634.7	20.309
4635.7	22.77
4636.8	20.914
4637.9	20.555
4639.0	20.805
4640.1	22.282
4641.2	22.556
4642.3	20.497
4643.4	19.438
4644.5	18.956
4645.5	17.813
4646.6	17.321
4647.7	20.388
4648.8	20.919
4649.9	22.422
4651.0	21.311
4652.1	19.207
4653.2	20.033
4654.3	19.647
4655.3	19.019
4656.4	19.545
4657.5	19.992
4658.6	20.819
4659.7	19.18
4660.8	19.501
4661.9	20.773
4663.0	23.813
4664.1	21.294
4665.1	18.056
4666.2	19.059
4667.3	19.017
4668.4	19.535
4669.5	20.179
4670.6	20.336
4671.7	20.433
4672.8	19.879
4673.8	19.403
4674.9	19.496
4676.0	18.444
4677.1	19.061
4678.2	20.613
4679.3	19.241
4680.4	17.378
4681.5	20.04
4682.6	20.54
4683.6	18.395
4684.7	20.08
4685.8	21.248
4686.9	21.04
4688.0	19.979
4689.1	20.171
4690.2	20.622
4691.3	18.644
4692.3	17.874
4693.4	18.225
4694.5	18.642
4695.6	19.998
4696.7	19.364
4697.8	18.814
4698.9	19.619
4700.0	19.858
4701.1	18.946
4702.1	19.346
4703.2	20.115
4704.3	18.898
4705.4	20.939
4706.5	21.497
4707.6	20.58
4708.7	20.17
4709.8	18.329
4710.9	18.254
4711.9	18.244
4713.0	19.005
4714.1	20.023
4715.2	18.223
4716.3	20.007
4717.4	19.608
4718.5	18.797
4719.6	18.225
4720.6	17.757
4721.7	18.932
4722.8	18.555
4723.9	18.318
4725.0	19.8
4726.1	20.356
4727.2	19.645
4728.3	18.638
4729.3	18.044
4730.4	18.907
4731.5	20.494
4732.6	18.362
4733.7	18.722
4734.8	19.302
4735.9	17.799
4737.0	18.552
4738.1	18.133
4739.1	17.948
4740.2	18.405
4741.3	18.773
4742.4	19.809
4743.5	20.615
4744.6	19.722
4745.7	17.863
4746.8	17.952
4747.8	19.444
4748.9	19.588
4750.0	17.71
4751.1	17.496
4752.2	18.613
4753.3	20.484
4754.4	20.967
4755.5	18.146
4756.5	14.924
4757.6	17.242
4758.7	20.588
4759.8	19.023
4760.9	18.053
4762.0	17.75
4763.1	18.639
4764.2	20.125
4765.3	17.904
4766.3	17.983
4767.4	18.301
4768.5	18.282
4769.6	18.772
4770.7	17.388
4771.8	17.651
4772.9	18.014
4774.0	17.609
4775.0	16.403
4776.1	15.985
4777.2	18.151
4778.3	18.532
4779.4	17.817
4780.5	17.667
4781.6	17.53
4782.7	18.389
4783.7	17.199
4784.8	16.763
4785.9	17.421
4787.0	18.035
4788.1	18.509
4789.2	17.799
4790.3	16.779
4791.4	17.333
4792.4	17.86
4793.5	17.227
4794.6	15.98
4795.7	16.189
4796.8	17.505
4797.9	17.003
4799.0	16.288
4800.1	17.158
4801.1	15.473
4802.2	14.704
4803.3	16.68
4804.4	17.583
4805.5	17.371
4806.6	16.229
4807.7	16.408
4808.8	17.582
4809.8	17.979
4810.9	16.188
4812.0	16.248
4813.1	19.271
4814.2	18.504
4815.3	17.572
4816.4	18.747
4817.5	18.107
4818.5	19.455
4819.6	20.137
4820.7	18.324
4821.8	18.422
4822.9	19.797
4824.0	20.662
4825.1	18.985
4826.2	19.15
4827.2	20.185
4828.3	18.902
4829.4	19.958
4830.5	21.379
4831.6	19.358
4832.7	20.003
4833.8	20.185
4834.9	19.658
4835.9	21.787
4837.0	20.538
4838.1	18.862
4839.2	18.92
4840.3	19.191
4841.4	20.103
4842.5	21.878
4843.6	21.59
4844.6	21.75
4845.7	21.736
4846.8	20.867
4847.9	19.815
4849.0	20.749
4850.1	20.928
4851.2	20.491
4852.2	22.151
4853.3	22.23
4854.4	22.342
4855.5	22.344
4856.6	22.898
4857.7	22.371
4858.8	22.338
4859.9	22.667
4860.9	26.127
4862.0	26.303
4863.1	23.044
4864.2	25.972
4865.3	25.743
4866.4	24.399
4867.5	25.367
4868.6	23.59
4869.6	21.473
4870.7	22.469
4871.8	25.737
4872.9	24.327
4874.0	22.07
4875.1	22.996
4876.2	22.94
4877.2	22.859
4878.3	21.674
4879.4	22.029
4880.5	23.919
4881.6	22.527
4882.7	20.434
4883.8	22.044
4884.9	22.79
4885.9	21.377
4887.0	21.677
4888.1	24.049
4889.2	24.064
4890.3	22.924
4891.4	24.51
4892.5	24.362
4893.5	24.652
4894.6	23.95
4895.7	22.193
4896.8	21.538
4897.9	21.855
4899.0	22.837
4900.1	23.165
4901.1	23.578
4902.2	23.302
4903.3	22.305
4904.4	22.228
4905.5	22.15
4906.6	23.527
4907.7	23.784
4908.8	23.119
4909.8	22.103
4910.9	21.852
4912.0	23.004
4913.1	22.858
4914.2	22.246
4915.3	22.74
4916.4	21.613
4917.4	21.894
4918.5	23.863
4919.6	23.932
4920.7	22.152
4921.8	21.415
4922.9	22.787
4924.0	22.632
4925.0	22.775
4926.1	22.758
4927.2	20.155
4928.3	20.971
4929.4	21.933
4930.5	21.936
4931.6	23.268
4932.6	25.369
4933.7	27.254
4934.8	26.738
4935.9	24.206
4937.0	22.616
4938.1	23.098
4939.2	22.649
4940.2	22.216
4941.3	23.143
4942.4	20.978
4943.5	20.756
4944.6	21.83
4945.7	21.632
4946.8	21.847
4947.8	20.831
4948.9	19.287
4950.0	18.702
4951.1	20.111
4952.2	22.466
4953.3	23.248
4954.4	21.8
4955.4	19.471
4956.5	20.222
4957.6	21.72
4958.7	21.22
4959.8	22.272
4960.9	20.996
4962.0	19.918
4963.0	19.976
4964.1	19.689
4965.2	19.721
4966.3	19.691
4967.4	21.365
4968.5	21.422
4969.6	19.13
4970.6	19.139
4971.7	19.239
4972.8	19.989
4973.9	20.756
4975.0	20.872
4976.1	19.431
4977.2	18.078
4978.2	18.333
4979.3	19.274
4980.4	18.855
4981.5	19.272
4982.6	20.622
4983.7	18.889
4984.8	19.629
4985.8	19.639
4986.9	18.943
4988.0	19.112
4989.1	19.227
4990.2	19.041
4991.3	18.341
4992.4	20.15
4993.4	21.616
4994.5	21.31
4995.6	19.458
4996.7	18.496
4997.8	18.948
4998.9	19.597
4999.9	20.023
5001.0	20.907
5002.1	20.753
5003.2	20.261
5004.3	19.86
5005.4	20.118
5006.5	20.3
5007.5	20.037
5008.6	21.449
5009.7	19.823
5010.8	19.342
5011.9	20.238
5013.0	18.621
5014.0	17.549
5015.1	17.214
5016.2	17.554
5017.3	18.225
5018.4	19.181
5019.5	19.105
5020.6	19.176
5021.6	19.242
5022.7	19.71
5023.8	21.024
5024.9	21.041
5026.0	19.803
5027.1	18.625
5028.1	18.09
5029.2	19.089
5030.3	21.339
5031.4	19.596
5032.5	19.298
5033.6	19.138
5034.7	17.538
5035.7	19.229
5036.8	19.732
5037.9	18.744
5039.0	20.284
5040.1	20.911
5041.2	19.354
5042.2	18.278
5043.3	19.12
5044.4	20.796
5045.5	20.071
5046.6	19.207
5047.7	19.179
5048.8	19.514
5049.8	18.149
5050.9	17.777
5052.0	19.053
5053.1	18.348
5054.2	17.765
5055.3	18.36
5056.3	19.267
5057.4	18.995
5058.5	19.559
5059.6	19.972
5060.7	17.264
5061.8	17.188
5062.8	19.751
5063.9	19.746
5065.0	17.901
5066.1	18.038
5067.2	17.374
5068.3	16.796
5069.3	17.721
5070.4	18.744
5071.5	19.523
5072.6	18.444
5073.7	18.439
5074.8	19.634
5075.8	19.434
5076.9	19.263
5078.0	19.943
5079.1	20.286
5080.2	20.877
5081.3	21.472
5082.3	23.356
5083.4	21.797
5084.5	19.339
5085.6	19.272
5086.7	20.098
5087.8	20.203
5088.8	17.539
5089.9	17.24
5091.0	16.991
5092.1	17.139
5093.2	18.315
5094.3	18.022
5095.3	16.021
5096.4	17.711
5097.5	18.117
5098.6	17.812
5099.7	18.585
5100.8	18.544
5101.8	19.049
5102.9	17.304
5104.0	18.037
5105.1	19.994
5106.2	17.931
5107.3	15.686
5108.3	16.592
5109.4	18.57
5110.5	18.456
5111.6	17.844
5112.7	17.242
5113.8	17.0
5114.8	17.692
5115.9	16.61
5117.0	17.823
5118.1	18.144
5119.2	17.272
5120.3	16.834
5121.3	16.496
5122.4	17.351
5123.5	18.68
5124.6	18.952
5125.7	16.9
5126.8	16.187
5127.8	18.445
5128.9	17.808
5130.0	16.411
5131.1	17.988
5132.2	19.191
5133.2	17.475
5134.3	16.422
5135.4	16.874
5136.5	15.976
5137.6	17.207
5138.7	18.026
5139.7	17.083
5140.8	16.435
5141.9	17.288
5143.0	17.818
5144.1	17.28
5145.2	16.139
5146.2	16.199
5147.3	16.16
5148.4	16.75
5149.5	16.149
5150.6	16.398
5151.6	16.989
5152.7	17.893
5153.8	18.799
5154.9	16.888
5156.0	16.676
5157.1	17.446
5158.1	18.07
5159.2	17.578
5160.3	16.604
5161.4	16.782
5162.5	18.135
5163.5	17.643
5164.6	15.726
5165.7	17.312
5166.8	15.973
5167.9	14.678
5169.0	17.173
5170.0	17.93
5171.1	17.157
5172.2	17.389
5173.3	18.27
5174.4	18.2
5175.4	16.83
5176.5	16.819
5177.6	16.662
5178.7	15.89
5179.8	17.001
5180.9	18.764
5181.9	17.22
5183.0	16.797
5184.1	15.947
5185.2	15.0
5186.3	16.571
5187.3	17.282
5188.4	17.444
5189.5	16.803
5190.6	17.924
5191.7	17.62
5192.7	15.43
5193.8	15.168
5194.9	17.335
5196.0	19.039
5197.1	15.802
5198.1	14.474
5199.2	16.332
5200.3	15.749
5201.4	15.914
5202.5	15.091
5203.6	15.976
5204.6	17.599
5205.7	16.539
5206.8	16.277
5207.9	15.472
5209.0	14.453
5210.0	15.265
5211.1	16.079
5212.2	15.072
5213.3	16.726
5214.4	17.798
5215.4	15.766
5216.5	14.847
5217.6	14.022
5218.7	14.442
5219.8	16.155
5220.8	15.689
5221.9	14.698
5223.0	13.983
5224.1	14.731
5225.2	16.167
5226.2	16.504
5227.3	15.659
5228.4	14.324
5229.5	16.019
5230.6	16.747
5231.6	17.853
5232.7	16.713
5233.8	15.444
5234.9	14.917
5236.0	15.456
5237.0	15.417
5238.1	15.078
5239.2	16.356
5240.3	16.818
5241.4	17.533
5242.4	18.79
5243.5	17.835
5244.6	16.06
5245.7	16.157
5246.8	16.34
5247.8	16.408
5248.9	16.64
5250.0	16.794
5251.1	16.932
5252.2	17.544
5253.2	17.515
5254.3	16.056
5255.4	15.743
5256.5	17.472
5257.6	16.409
5258.6	15.447
5259.7	16.399
5260.8	14.849
5261.9	15.017
5263.0	16.337
5264.0	16.395
5265.1	16.28
5266.2	17.2
5267.3	17.279
5268.4	15.862
5269.4	16.105
5270.5	15.994
5271.6	14.749
5272.7	15.23
5273.8	15.22
5274.8	15.851
5275.9	16.688
5277.0	15.903
5278.1	14.809
5279.1	13.879
5280.2	15.746
5281.3	16.549
5282.4	14.88
5283.5	14.792
5284.5	14.714
5285.6	17.316
5286.7	17.071
5287.8	15.955
5288.9	15.38
5289.9	14.167
5291.0	14.989
5292.1	16.477
5293.2	16.358
5294.3	17.373
5295.3	16.402
5296.4	14.755
5297.5	16.365
5298.6	15.027
5299.6	14.29
5300.7	14.964
5301.8	16.199
5302.9	15.28
5304.0	13.94
5305.0	15.647
5306.1	16.861
5307.2	16.811
5308.3	16.193
5309.3	15.889
5310.4	14.089
5311.5	13.675
5312.6	13.888
5313.7	13.588
5314.7	15.492
5315.8	17.219
5316.9	16.482
5318.0	16.058
5319.1	16.705
5320.1	15.602
5321.2	14.724
5322.3	14.662
5323.4	14.816
5324.4	16.723
5325.5	16.056
5326.6	16.297
5327.7	15.005
5328.8	15.531
5329.8	16.446
5330.9	13.46
5332.0	11.774
5333.1	13.407
5334.1	15.365
5335.2	17.926
5336.3	16.81
5337.4	14.316
5338.4	16.141
5339.5	16.685
5340.6	16.778
5341.7	15.644
5342.8	15.366
5343.8	15.067
5344.9	15.617
5346.0	14.574
5347.1	13.629
5348.1	13.185
5349.2	15.619
5350.3	16.866
5351.4	15.369
5352.5	14.806
5353.5	15.949
5354.6	17.452
5355.7	14.933
5356.8	14.325
5357.8	16.624
5358.9	14.353
5360.0	15.931
5361.1	17.991
5362.1	18.607
5363.2	16.593
5364.3	16.991
5365.4	17.319
5366.4	16.0
5367.5	14.805
5368.6	14.337
5369.7	14.635
5370.8	15.584
5371.8	15.774
5372.9	12.912
5374.0	13.146
5375.1	14.573
5376.1	13.217
5377.2	14.596
5378.3	14.691
5379.4	12.196
5380.4	12.941
5381.5	13.413
5382.6	14.884
5383.7	14.908
5384.7	13.466
5385.8	15.009
5386.9	15.341
5388.0	14.062
5389.0	15.285
5390.1	14.343
5391.2	14.289
5392.3	15.542
5393.4	13.051
5394.4	14.731
5395.5	15.037
5396.6	10.997
5397.7	13.95
5398.7	14.598
5399.8	16.847
5400.9	14.77
5402.0	11.277
5403.0	14.872
5404.1	13.498
5405.2	12.127
5406.3	15.755
5407.3	11.123
5408.4	10.663
5409.5	12.591
5410.6	15.563
5411.6	14.335
5412.7	13.364
5413.8	15.016
5414.9	15.279
5415.9	13.783
5417.0	13.229
5418.1	14.312
5419.2	15.731
5420.2	15.062
5421.3	13.216
5422.4	17.422
5423.5	18.022
5424.5	11.251
5425.6	11.784
5426.7	13.685
5427.8	14.109
5428.8	13.781
5429.9	12.702
5431.0	17.089
5432.1	14.009
5433.1	11.307
5434.2	13.024
5435.3	12.805
5436.4	13.563
5437.4	15.361
5438.5	16.467
5439.6	15.775
5440.7	15.663
5441.7	15.004
5442.8	15.979
5443.9	15.868
5445.0	13.468
5446.0	12.07
5447.1	11.461
5448.2	16.148
5449.2	16.629
5450.3	14.695
5451.4	11.715
5452.5	12.66
5453.5	16.455
5454.6	16.982
5455.7	14.678
5456.8	15.662
5457.8	13.559
5458.9	12.838
5460.0	15.682
5461.1	16.719
5462.1	15.141
5463.2	13.109
5464.3	15.267
5465.4	14.029
5466.4	10.159
5467.5	11.791
5468.6	14.46
5469.6	16.323
5470.7	16.859
5471.8	19.139
5472.9	17.54
5473.9	14.998
5475.0	15.696
5476.1	15.507
5477.2	14.213
5478.2	13.605
5479.3	15.38
5480.4	9.6857
5481.5	12.398
5482.5	15.965
5483.6	16.169
5484.7	14.209
5485.7	15.058
5486.8	15.31
5487.9	13.706
5489.0	13.18
5490.0	14.593
5491.1	12.772
5492.2	13.886
5493.3	14.105
5494.3	9.2372
5495.4	11.82
5496.5	13.583
5497.5	11.62
5498.6	15.226
5499.7	14.694
5500.8	16.135
5501.8	13.214
5502.9	13.21
5504.0	13.647
5505.0	13.86
5506.1	13.623
5507.2	13.536
5508.3	13.562
5509.3	12.884
5510.4	9.9295
5511.5	10.956
5512.6	10.583
5513.6	15.056
5514.7	14.229
5515.8	8.0451
5516.8	10.681
5517.9	13.165
5519.0	10.62
5520.1	11.139
5521.1	15.043
5522.2	11.467
5523.3	10.943
5524.3	8.0471
5525.4	7.9184
5526.5	11.912
5527.6	12.568
5528.6	13.263
5529.7	10.846
5530.8	14.031
5531.8	12.873
5532.9	12.625
5534.0	14.934
5535.1	14.401
5536.1	16.037
5537.2	14.315
5538.3	14.68
5539.3	11.644
5540.4	14.385
5541.5	10.295
5542.6	15.104
5543.6	14.223
5544.7	9.1973
5545.8	11.361
5546.8	11.772
5547.9	13.388
5549.0	10.539
5550.0	15.511
5551.1	13.957
5552.2	15.035
5553.3	15.099
5554.3	11.478
5555.4	12.164
5556.5	14.535
5557.5	19.611
5558.6	16.238
5559.7	12.457
5560.8	12.722
5561.8	13.585
5562.9	14.211
5564.0	19.352
5565.0	13.052
5566.1	10.336
5567.2	15.22
5568.2	16.741
5569.3	12.696
5570.4	16.492
5571.5	9.123
5572.5	10.913
5573.6	15.904
5574.7	13.783
5575.7	12.201
5576.8	6.1447
5577.9	8.3004
5578.9	18.577
5580.0	13.342
5581.1	8.9331
5582.1	14.041
5583.2	19.642
5584.3	12.471
5585.4	11.478
5586.4	10.824
5587.5	10.838
5588.6	14.903
5589.6	14.498
5590.7	10.634
5651.0	11.501
5652.5	12.567
5654.0	13.768
5655.5	13.041
5657.1	12.59
5658.6	12.608
5660.1	13.992
5661.6	13.362
5663.1	13.094
5664.7	13.147
5666.2	13.544
5667.7	13.54
5669.2	12.716
5670.8	11.482
5672.3	12.191
5673.8	12.494
5675.3	12.731
5676.9	13.19
5678.4	11.878
5679.9	12.337
5681.4	12.55
5683.0	12.364
5684.5	13.039
5686.0	10.941
5687.5	13.451
5689.1	13.262
5690.6	12.198
5692.1	11.757
5693.6	11.589
5695.2	11.719
5696.7	13.005
5698.2	13.611
5699.7	11.398
5701.3	12.409
5702.8	12.14
5704.3	12.298
5705.8	12.287
5707.4	12.272
5708.9	11.11
5710.4	13.286
5711.9	11.681
5713.5	12.673
5715.0	11.863
5716.5	12.183
5718.0	13.89
5719.6	12.498
5721.1	11.9
5722.6	12.228
5724.1	12.98
5725.7	12.946
5727.2	11.751
5728.7	13.327
5730.2	12.748
5731.8	12.504
5733.3	13.01
5734.8	12.815
5736.3	13.024
5737.9	10.276
5739.4	13.223
5740.9	11.981
5742.4	12.83
5744.0	12.878
5745.5	12.214
5747.0	12.147
5748.5	11.265
5750.1	11.868
5751.6	11.772
5753.1	12.016
5754.6	12.584
5756.2	12.921
5757.7	10.987
5759.2	12.326
5760.7	12.841
5762.3	11.937
5763.8	12.533
5765.3	12.009
5766.8	12.084
5768.4	11.765
5769.9	11.082
5771.4	12.704
5772.9	12.127
5774.5	12.949
5776.0	11.717
5777.5	11.51
5779.0	11.089
5780.6	13.155
5782.1	11.502
5783.6	11.591
5785.1	11.96
5786.7	11.051
5788.2	11.243
5789.7	11.047
5791.2	11.005
5792.8	11.173
5794.3	10.192
5795.8	10.212
5797.3	11.849
5798.9	10.588
5800.4	12.099
5801.9	10.146
5803.4	11.48
5805.0	12.727
5806.5	11.536
5808.0	13.042
5809.5	13.514
5811.1	11.407
5812.6	9.7682
5814.1	10.758
5815.6	13.016
5817.2	10.867
5818.7	12.124
5820.2	12.832
5821.7	11.319
5823.3	12.868
5824.8	12.19
5826.3	13.159
5827.8	12.544
5829.4	11.64
5830.9	12.28
5832.4	11.697
5833.9	12.405
5835.5	12.57
5837.0	14.161
5838.5	13.496
5840.0	12.219
5841.6	12.6
5843.1	13.528
5844.6	12.979
5846.2	13.104
5847.7	12.124
5849.2	12.533
5850.7	12.17
5852.3	14.317
5853.8	14.577
5855.3	12.254
5856.8	12.979
5858.4	13.227
5859.9	12.584
5861.4	12.982
5862.9	13.903
5864.5	13.765
5866.0	14.411
5867.5	13.472
5869.0	13.77
5870.6	13.266
5872.1	14.474
5873.6	13.861
5875.1	14.356
5876.7	14.727
5878.2	14.936
5879.7	14.333
5881.2	13.485
5882.8	13.264
5884.3	13.19
5885.8	12.304
5887.4	13.475
5888.9	13.287
5890.4	12.942
5891.9	13.221
5893.5	12.657
5895.0	13.412
5896.5	13.739
5898.0	13.141
5899.6	14.089
5901.1	15.48
5902.6	13.735
5904.1	13.46
5905.7	14.504
5907.2	14.674
5908.7	13.055
5910.2	14.864
5911.8	13.752
5913.3	13.139
5914.8	13.788
5916.4	14.535
5917.9	15.023
5919.4	13.594
5920.9	14.378
5922.5	13.241
5924.0	13.953
5925.5	13.625
5927.0	11.996
5928.6	12.635
5930.1	13.408
5931.6	11.886
5933.1	12.212
5934.7	11.607
5936.2	12.462
5937.7	13.768
5939.3	13.789
5940.8	14.053
5942.3	13.738
5943.8	12.748
5945.4	13.662
5946.9	14.044
5948.4	13.585
5949.9	12.421
5951.5	14.35
5953.0	13.034
5954.5	12.342
5956.0	13.891
5957.6	12.667
5959.1	12.551
5960.6	12.577
5962.2	12.826
5963.7	13.817
5965.2	12.714
5966.7	13.413
5968.3	13.464
5969.8	11.825
5971.3	13.054
5972.8	12.793
5974.4	13.971
5975.9	13.328
5977.4	12.909
5978.9	13.333
5980.5	12.421
5982.0	13.133
5983.5	13.187
5985.1	12.013
5986.6	12.137
5988.1	12.807
5989.6	13.445
5991.2	11.913
5992.7	12.421
5994.2	13.214
5995.7	12.14
5997.3	12.67
5998.8	12.474
6000.3	12.685
6001.9	13.221
6003.4	11.708
6004.9	12.143
6006.4	12.049
6008.0	11.806
6009.5	10.279
6011.0	9.7142
6012.5	8.2548
6014.1	5.8226
6015.6	3.9958
6017.1	8.2534
6018.7	10.296
6020.2	11.123
6021.7	10.362
6023.2	10.444
6024.8	10.774
6026.3	9.8172
6027.8	8.2863
6029.3	6.517
6030.9	6.083
6032.4	8.2335
6033.9	10.149
6035.5	10.751
6037.0	12.316
6038.5	12.193
6040.0	11.599
6041.6	12.614
6043.1	12.584
6044.6	12.282
6046.1	13.866
6047.7	12.394
6049.2	12.048
6050.7	12.114
6052.3	10.459
6053.8	11.843
6055.3	10.722
6056.8	11.981
6058.4	12.703
6059.9	11.564
6061.4	11.359
6063.0	11.006
6064.5	11.644
6066.0	12.515
6067.5	12.197
6069.1	13.07
6070.6	12.302
6072.1	12.298
6073.6	13.444
6075.2	12.166
6076.7	12.297
6078.2	11.749
6079.8	11.148
6081.3	12.383
6082.8	12.356
6084.3	10.807
6085.9	11.419
6087.4	11.999
6088.9	12.494
6090.5	11.352
6092.0	12.724
6093.5	12.408
6095.0	11.145
6096.6	11.817
6098.1	12.093
6099.6	10.969
6101.1	11.437
6102.7	10.259
6104.2	10.222
6105.7	9.8533
6107.3	11.081
6108.8	10.757
6110.3	10.928
6111.8	10.438
6113.4	10.061
6114.9	10.955
6116.4	9.8093
6118.0	10.898
6119.5	10.412
6121.0	10.72
6122.5	11.229
6124.1	11.286
6125.6	11.14
6127.1	11.42
6128.7	11.134
6130.2	11.641
6131.7	11.094
6133.2	11.493
6134.8	11.438
6136.3	12.442
6137.8	12.15
6139.4	11.512
6140.9	11.58
6142.4	10.95
6143.9	11.401
6145.5	11.145
6147.0	10.774
6148.5	11.265
6150.1	11.715
6151.6	11.649
6153.1	10.604
6154.6	10.749
6156.2	10.768
6157.7	11.055
6159.2	11.246
6160.8	10.096
6162.3	10.743
6163.8	9.8876
6165.3	11.245
6166.9	11.694
6168.4	10.849
6169.9	10.792
6171.5	11.001
6173.0	11.212
6174.5	10.592
6176.0	11.146
6177.6	9.9235
6179.1	12.303
6180.6	10.551
6182.2	10.857
6183.7	10.701
6185.2	9.9818
6186.7	10.87
6188.3	10.992
6189.8	10.855
6191.3	11.247
6192.9	10.388
6194.4	10.511
6195.9	10.737
6197.4	10.612
6199.0	10.21
6200.5	10.291
6202.0	10.324
6203.6	10.106
6205.1	11.143
6206.6	10.981
6208.1	10.662
6209.7	10.678
6211.2	10.826
6212.7	10.613
6214.3	10.562
6215.8	9.985
6217.3	10.485
6218.9	10.196
6220.4	9.935
6221.9	10.083
6223.4	11.29
6225.0	11.085
6226.5	11.363
6228.0	12.055
6229.6	11.504
6231.1	12.392
6232.6	11.085
6234.1	10.494
6235.7	10.97
6237.2	10.654
6238.7	9.1817
6240.3	9.7071
6241.8	11.149
6243.3	11.339
6244.9	10.086
6246.4	9.0082
6247.9	10.239
6249.4	10.659
6251.0	11.4
6252.5	10.53
6254.0	11.154
6255.6	11.128
6257.1	10.093
6258.6	11.005
6260.1	11.487
6261.7	10.154
6263.2	10.049
6264.7	10.87
6266.3	10.423
6267.8	9.0842
6269.3	10.056
6270.9	9.1347
6272.4	9.111
6273.9	9.7226
6275.4	9.9583
6277.0	9.0703
6278.5	11.488
6280.0	9.0144
6281.6	10.464
6283.1	10.717
6284.6	10.946
6286.1	10.635
6287.7	9.6475
6289.2	11.49
6290.7	10.281
6292.3	9.011
6293.8	9.9927
6295.3	10.018
6296.9	10.963
6298.4	10.045
6299.9	10.952
6301.4	10.971
6303.0	10.698
6304.5	10.527
6306.0	10.273
6307.6	10.302
6309.1	10.748
6310.6	11.347
6312.2	10.918
6313.7	10.197
6315.2	11.399
6316.7	9.132
6318.3	9.8241
6319.8	11.181
6321.3	10.34
6322.9	10.365
6324.4	11.086
6325.9	9.9546
6327.5	10.042
6329.0	10.015
6330.5	9.2861
6332.0	8.6708
6333.6	8.7734
6335.1	9.4828
6336.6	8.4246
6338.2	9.1491
6339.7	9.2141
6341.2	9.4717
6342.8	10.202
6344.3	8.9199
6345.8	9.5411
6347.4	10.922
6348.9	9.3817
6350.4	9.5821
6351.9	8.7323
6353.5	8.9148
6355.0	9.3295
6356.5	9.5923
6358.1	11.214
6359.6	9.9036
6361.1	9.2244
6362.7	9.6519
6364.2	9.3013
6365.7	10.344
6367.2	9.726
6368.8	10.246
6370.3	9.5491
6371.8	8.7483
6373.4	10.047
6374.9	9.8072
6376.4	9.756
6378.0	8.5392
6379.5	9.1342
6381.0	10.161
6382.6	8.6106
6384.1	9.4726
6385.6	10.164
6387.1	9.6532
6388.7	9.4197
6390.2	9.195
6391.7	10.447
6393.3	8.0559
6394.8	8.7909
6396.3	9.08
6397.9	8.7337
6399.4	9.3932
6400.9	8.7132
6402.5	8.5952
6404.0	9.9324
6405.5	8.6298
6407.0	9.8698
6408.6	9.0569
6410.1	8.353
6411.6	9.0814
6413.2	8.5948
6414.7	8.2834
6416.2	8.5581
6417.8	8.1983
6419.3	8.2853
6420.8	9.2389
6422.4	8.3624
6423.9	7.7253
6425.4	7.8069
6427.0	8.7018
6428.5	8.9046
6430.0	9.0665
6431.5	7.7979
6433.1	9.3915
6434.6	7.8686
6436.1	7.5452
6437.7	8.5945
6439.2	8.7128
6440.7	8.4983
6442.3	8.7619
6443.8	9.5166
6445.3	9.5693
6446.9	8.2096
6448.4	7.2757
6449.9	9.0953
6451.5	8.3258
6453.0	9.7441
6454.5	8.8623
6456.0	8.9144
6457.6	8.8791
6459.1	9.3875
6460.6	9.7611
6462.2	8.6262
6463.7	9.0789
6465.2	8.5295
6466.8	9.2134
6468.3	9.3811
6469.8	8.8011
6471.4	9.9292
6472.9	9.5299
6474.4	8.6121
6476.0	9.4495
6477.5	9.1769
6479.0	9.3026
6480.6	8.3684
6482.1	8.8848
6483.6	10.053
6485.1	9.9669
6486.7	11.184
6488.2	10.907
6489.7	11.194
6491.3	11.917
6492.8	10.471
6494.3	9.6528
6495.9	10.052
6497.4	9.559
6498.9	10.673
6500.5	10.113
6502.0	12.376
6503.5	11.695
6505.1	11.142
6506.6	12.963
6508.1	11.4
6509.7	12.069
6511.2	11.711
6512.7	11.736
6514.2	12.958
6515.8	11.639
6517.3	12.282
6518.8	12.628
6520.4	12.312
6521.9	12.717
6523.4	11.911
6525.0	13.833
6526.5	13.283
6528.0	14.107
6529.6	14.709
6531.1	13.262
6532.6	13.454
6534.2	13.877
6535.7	13.035
6537.2	14.787
6538.8	13.196
6540.3	15.045
6541.8	13.743
6543.4	13.598
6544.9	13.632
6546.4	13.365
6548.0	14.695
6549.5	12.942
6551.0	15.136
6552.6	14.127
6554.1	13.73
6555.6	15.662
6557.2	14.686
6558.7	13.565
6560.2	14.75
6561.7	13.361
6563.3	14.14
6564.8	13.856
6566.3	13.946
6567.9	13.614
6569.4	14.545
6570.9	14.64
6572.5	12.754
6574.0	14.297
6575.5	14.409
6577.1	14.153
6578.6	12.944
6580.1	14.729
6581.7	13.542
6583.2	13.906
6584.7	13.864
6586.3	14.734
6587.8	13.991
6589.3	14.675
6590.9	13.864
6592.4	13.771
6593.9	15.282
6595.5	13.287
6597.0	14.244
6598.5	12.518
6600.1	13.566
6601.6	13.988
6603.1	14.414
6604.7	14.521
6606.2	13.168
6607.7	13.374
6609.3	15.439
6610.8	13.532
6612.3	15.127
6613.9	14.268
6615.4	14.701
6616.9	13.848
6618.5	14.015
6620.0	13.995
6621.5	14.236
6623.1	14.145
6624.6	14.545
6626.1	14.103
6627.7	13.519
6629.2	15.124
6630.7	13.827
6632.3	14.966
6633.8	13.333
6635.3	14.991
6636.9	12.815
6638.4	13.218
6639.9	13.351
6641.5	13.539
6643.0	14.32
6644.5	13.899
6646.1	18.942
6647.6	22.415
6649.1	21.984
6650.7	19.971
6652.2	16.402
6653.7	15.767
6655.3	15.272
6656.8	12.789
6658.3	14.141
6659.9	12.69
6661.4	13.758
6662.9	13.091
6664.5	13.839
6666.0	14.672
6667.5	14.608
6669.1	13.317
6670.6	14.125
6672.1	14.039
6673.7	12.914
6675.2	13.949
6676.7	13.152
6678.3	13.888
6679.8	12.699
6681.3	12.767
6682.9	13.074
6684.4	12.635
6685.9	12.177
6687.5	12.704
6689.0	11.843
6690.5	13.059
6692.1	11.847
6693.6	12.196
6695.1	12.832
6696.7	12.989
6698.2	12.398
6699.7	13.576
6701.3	12.627
6702.8	13.623
6704.3	13.119
6705.9	12.158
6707.4	13.239
6708.9	12.946
6710.5	12.78
6712.0	13.438
6713.5	12.034
6715.1	11.815
6716.6	12.42
6718.1	11.432
6719.7	12.322
6721.2	11.828
6722.7	12.954
6724.3	11.78
6725.8	11.434
6727.3	12.065
6728.9	11.519
6730.4	12.246
6731.9	11.875
6733.5	11.687
6735.0	12.855
6736.5	11.385
6738.1	11.309
6739.6	10.604
6741.1	10.927
6742.7	12.122
6744.2	10.935
6745.7	13.089
6747.3	12.041
6748.8	13.064
6750.3	12.084
6751.9	11.205
6753.4	11.872
6754.9	10.461
6756.5	11.166
6758.0	12.049
6759.5	11.367
6761.1	10.287
6762.6	10.608
6764.2	11.548
6765.7	11.073
6767.2	11.042
6768.8	12.373
6770.3	10.843
6771.8	11.154
6773.4	12.528
6774.9	11.684
6776.4	11.941
6778.0	11.109
6779.5	10.585
6781.0	10.821
6782.6	10.93
6784.1	11.786
6785.6	10.344
6787.2	10.563
6788.7	11.393
6790.2	10.705
6791.8	11.675
6793.3	10.254
6794.8	9.4869
6796.4	11.133
6797.9	10.016
6799.4	10.283
6801.0	9.8773
6802.5	11.118
6804.0	10.685
6805.6	11.63
6807.1	12.657
6808.7	10.281
6810.2	11.015
6811.7	10.653
6813.3	9.1161
6814.8	10.369
6816.3	10.009
6817.9	10.904
6819.4	11.699
6820.9	10.126
6822.5	10.936
6824.0	9.8977
6825.5	10.05
6827.1	10.016
6828.6	9.5866
6830.1	8.4547
6831.7	8.9895
6833.2	10.802
6834.7	9.7007
6836.3	9.1775
6837.8	10.169
6839.4	9.4581
6840.9	10.285
6842.4	9.5262
6844.0	9.8943
6845.5	10.425
6847.0	9.7026
6848.6	9.8124
6850.1	8.8443
6851.6	10.361
6853.2	10.42
6854.7	9.784
6856.2	10.036
6857.8	8.8127
6859.3	9.4055
6860.8	8.875
6862.4	8.9327
6863.9	9.1676
6865.4	8.0809
6867.0	7.9696
6868.5	8.7278
6870.1	9.3804
6871.6	9.898
6873.1	9.0696
6874.7	9.4984
6876.2	9.028
6877.7	8.795
6879.3	9.1294
6880.8	6.7953
6882.3	8.1967
6883.9	9.7669
6885.4	8.6535
6886.9	8.8927
6888.5	8.8734
6890.0	8.5782
6891.6	9.1301
6893.1	8.5743
6894.6	8.6594
6896.2	9.0134
6897.7	9.0748
6899.2	8.5108
6900.8	8.8868
6902.3	9.2416
6903.8	9.56
6905.4	8.981
6906.9	8.3658
6908.4	8.9702
6910.0	9.5565
6911.5	8.3106
6913.0	9.8218
6914.6	8.1294
6916.1	8.5271
6917.7	9.1313
6919.2	8.2289
6920.7	7.8342
6922.3	8.5068
6923.8	8.2261
6925.3	8.4949
6926.9	7.8964
6928.4	9.0536
6929.9	8.0437
6931.5	8.1761
6933.0	8.9656
6934.6	8.3244
6936.1	8.0694
6937.6	7.9242
6939.2	8.1066
6940.7	9.0218
6942.2	8.222
6943.8	9.2466
6945.3	8.2309
6946.8	8.3027
6948.4	9.1223
6949.9	7.437
6951.4	9.1842
6953.0	8.3046
6954.5	8.7745
6956.1	7.7226
6957.6	7.9847
6959.1	8.9176
6960.7	8.0664
6962.2	8.684
6963.7	8.7845
6965.3	7.7697
6966.8	9.0723
6968.3	8.0817
6969.9	8.4294
6971.4	8.291
6973.0	7.2132
6974.5	7.7516
6976.0	7.387
6977.6	8.3848
6979.1	8.8725
6980.6	8.1772
6982.2	8.5132
6983.7	8.0852
6985.2	9.3479
6986.8	9.5357
6988.3	7.7824
6989.9	9.8233
6991.4	8.9473
6992.9	8.5648
6994.5	6.9991
6996.0	7.9526
6997.5	8.3072
6999.1	7.9997
7000.6	8.4062
7002.1	8.7094
7003.7	9.1723
7005.2	9.5028
7006.8	8.5357
7008.3	8.5561
7009.8	8.2626
7011.4	8.3265
7012.9	8.8816
7014.4	7.0793
7016.0	8.4142
7017.5	8.1977
7019.0	7.3825
7020.6	7.8085
7022.1	8.101
7023.7	8.6549
7025.2	8.499
7026.7	8.0032
7028.3	9.1342
7029.8	7.963
7031.3	8.6229
7032.9	7.8951
7034.4	8.5289
7036.0	8.904
7037.5	7.6685
7039.0	8.3538
7040.6	7.6627
7042.1	8.9617
7043.6	9.1487
7045.2	7.9559
7046.7	7.8989
7048.2	8.9178
7049.8	8.1883
7051.3	7.8538
7052.9	8.2972
7054.4	8.978
7055.9	7.8086
7057.5	8.3203
7059.0	8.128
7060.5	7.7314
7062.1	9.0785
7063.6	7.9837
7065.2	7.9696
7066.7	8.5244
7068.2	7.3851
7069.8	8.9448
7071.3	8.0238
7072.8	7.5784
7074.4	7.9313
7075.9	7.9521
7077.5	8.9793
7079.0	7.6959
7080.5	8.3927
7082.1	7.4253
7083.6	6.886
7085.1	7.5018
7086.7	6.6651
7088.2	7.849
7089.8	8.2113
7091.3	7.0959
7092.8	8.8103
7094.4	7.6971
7095.9	8.4485
7097.4	8.354
7099.0	7.6264
7100.5	8.4983
7102.1	7.6493
7103.6	8.4652
7105.1	7.9462
7106.7	7.407
7108.2	8.8077
7109.7	8.7779
7111.3	7.5671
7112.8	7.7614
7114.4	8.1493
7115.9	7.8603
7117.4	8.0227
7119.0	8.8903
7120.5	7.9391
7122.0	7.9706
7123.6	8.2995
7125.1	6.9006
7126.7	8.2754
7128.2	6.9573
7129.7	7.2758
7131.3	8.6242
7132.8	6.6579
7134.3	8.0093
7135.9	8.2003
7137.4	7.9007
7139.0	7.4837
7140.5	7.3167
7142.0	9.2091
7143.6	7.9065
7145.1	8.432
7146.6	8.3636
7148.2	7.5491
7149.7	8.0657
7151.3	8.5151
7152.8	8.3175
7154.3	8.9755
7155.9	7.7336
7157.4	7.7272
7158.9	6.984
7160.5	7.8134
7162.0	7.9707
7163.6	7.643
7165.1	7.7574
7166.6	7.2406
7168.2	8.4166
7169.7	8.1281
7171.2	7.0764
7172.8	8.2809
7174.3	7.4773
7175.9	7.7042
7177.4	7.2076
7178.9	6.4262
7180.5	7.5762
7182.0	6.6698
7183.6	8.032
7185.1	8.0213
7186.6	7.5585
7188.2	7.5806
7189.7	7.0671
7191.2	6.7108
7192.8	7.1557
7194.3	7.0115
7195.9	7.8706
7197.4	7.1669
7198.9	7.2588
7200.5	7.3473
7202.0	7.2515
7203.6	8.1976
7205.1	7.5654
7206.6	7.2846
7208.2	7.2708
7209.7	7.3784
7211.2	7.3488
7212.8	7.0596
7214.3	7.7732
7215.9	7.9643
7217.4	7.4927
7218.9	7.4031
7220.5	6.9657
7222.0	7.8389
7223.6	6.6117
7225.1	7.3538
7226.6	7.4716
7228.2	7.1648
7229.7	7.4601
7231.2	6.6111
7232.8	7.3253
7234.3	8.1761
7235.9	6.3235
7237.4	7.3685
7238.9	7.4127
7240.5	6.9606
7242.0	7.3686
7243.6	6.4936
7245.1	7.6144
7246.6	7.1929
7248.2	6.6262
7249.7	8.0473
7251.2	7.1911
7252.8	8.3108
7254.3	7.9481
7255.9	7.7756
7257.4	7.3409
7258.9	7.7508
7260.5	7.8994
7262.0	7.1217
7263.6	6.4226
7265.1	7.6638
7266.6	6.7944
7268.2	7.6979
7269.7	6.5183
7271.3	8.1087
7272.8	7.4964
7274.3	6.7406
7275.9	7.616
7277.4	7.3962
7278.9	7.5912
7280.5	6.623
7282.0	6.6665
7283.6	8.1093
7285.1	7.6699
7286.6	7.6829
7288.2	7.4139
7289.7	7.4243
7291.3	8.1774
7292.8	6.9964
7294.3	8.6322
7295.9	8.0614
7297.4	7.2215
7299.0	7.2908
7300.5	7.2795
7302.0	8.0174
7303.6	7.4737
7305.1	7.5331
7306.7	7.2116
7308.2	5.9869
7309.7	6.5135
7311.3	7.9131
7312.8	7.6336
7314.3	7.753
7315.9	7.5805
7317.4	7.25
7319.0	7.9383
7320.5	7.4303
7322.0	6.6895
7323.6	6.5488
7325.1	6.7657
7326.7	7.4172
7328.2	6.5821
7329.7	6.8924
7331.3	6.911
7332.8	7.1863
7334.4	6.7184
7335.9	7.4979
7337.4	7.3471
7339.0	6.432
7340.5	7.0113
7342.1	6.8011
7343.6	7.0845
7345.1	7.1162
7346.7	7.0923
7348.2	7.0131
7349.8	6.231
7351.3	7.1264
7352.8	8.0811
7354.4	7.0141
7355.9	7.6112
7357.5	7.8836
7359.0	7.0844
7360.5	7.3128
7362.1	7.3895
7363.6	7.4737
7365.2	6.4809
7366.7	6.5949
7368.2	7.2176
7369.8	7.1285
7371.3	7.0984
7372.9	6.5861
7374.4	6.8975
7375.9	7.1802
7377.5	7.4857
7379.0	7.4665
7380.6	7.3698
7382.1	7.0993
7383.6	6.452
7385.2	6.058
7386.7	7.5363
7388.3	7.2398
7389.8	7.6814
7391.3	7.2329
7392.9	7.2469
7394.4	7.8419
7396.0	6.7371
7397.5	7.0961
7399.0	7.5603
7400.6	7.0333
7402.1	7.1751
7403.7	6.6681
7405.2	7.4405
7406.7	6.4921
7408.3	6.5755
7409.8	7.0793
7411.4	6.4999
7412.9	6.6731
7414.4	6.3984
7416.0	6.0507
7417.5	6.7157
7419.1	6.3566
7420.6	6.9316
7422.1	7.34
7423.7	7.4703
7425.2	7.3025
7426.8	7.0592
7428.3	7.2733
7429.8	7.2501
7431.4	7.445
7432.9	6.8966
7434.5	6.3894
7436.0	7.0776
7437.5	6.3466
7439.1	7.0159
7440.6	6.799
7442.2	5.9523
7443.7	7.0904
7445.2	6.2469
7446.8	6.5774
7448.3	6.9083
7449.9	6.0902
7451.4	7.2511
7452.9	6.823
7454.5	6.6037
7456.0	6.8119
7457.6	6.45
7459.1	6.7376
7460.6	7.1002
7462.2	6.6166
7463.7	7.4374
7465.3	6.8843
7466.8	7.1902
7468.3	6.7484
7469.9	6.722
7471.4	6.9917
7473.0	5.8917
7474.5	5.8336
7476.0	6.2392
7477.6	7.346
7479.1	7.1324
7480.7	6.6087
7482.2	6.8747
7483.8	6.6766
7485.3	6.4362
7486.8	6.5493
7488.4	6.6255
7489.9	6.8641
7491.5	6.7921
7493.0	7.5699
7494.5	6.5733
7496.1	6.3592
7497.6	6.6505
7499.2	6.2713
7500.7	6.8708
7502.2	7.1301
7503.8	7.3898
7505.3	7.8022
7506.9	6.4919
7508.4	6.3197
7509.9	6.8251
7511.5	6.6726
7513.0	6.5804
7514.6	6.3635
7516.1	6.7814
7517.7	5.9596
7519.2	6.3552
7520.7	6.9753
7522.3	6.3893
7523.8	6.8064
7525.4	6.4557
7526.9	6.1293
7528.4	6.4404
7530.0	6.387
7531.5	7.0077
7533.1	6.1116
7534.6	6.4746
7536.1	6.5485
7537.7	5.5337
7539.2	5.6979
7540.8	6.2721
7542.3	6.7227
7543.8	6.9255
7545.4	5.9898
7546.9	5.8117
7548.5	6.8443
7550.0	6.8376
7551.6	6.4521
7553.1	5.7831
7554.6	6.3764
7556.2	6.0657
7557.7	5.6007
7559.3	6.477
7560.8	6.5911
7562.3	7.0791
7563.9	6.3096
7565.4	6.1305
7567.0	7.0762
7568.5	6.0414
7570.1	6.8522
7571.6	6.6629
7573.1	5.9403
7574.7	6.3828
7576.2	6.0253
7577.8	6.6374
7579.3	6.4266
7580.8	6.8077
7582.4	6.7664
7583.9	6.6979
7585.5	6.2256
7587.0	4.9557
7588.5	4.1972
7590.1	5.518
7591.6	5.6396
7593.2	7.2672
7594.7	6.203
7596.3	5.8809
7597.8	6.0922
7599.3	5.4305
7600.9	7.2897
7602.4	4.9946
7604.0	5.8765
7605.5	5.6935
7607.0	6.1466
7608.6	6.9528
7610.1	6.2551
7611.7	6.3859
7613.2	5.9796
7614.8	5.4643
7616.3	6.1406
7617.8	6.5622
7619.4	6.9292
7620.9	6.2408
7622.5	6.0324
7624.0	6.8162
7625.5	6.0366
7627.1	5.8656
7628.6	6.1301
7630.2	5.2854
7631.7	6.0498
7633.3	5.8138
7634.8	6.1032
7636.3	6.1412
7637.9	5.9347
7639.4	6.0791
7641.0	6.0903
7642.5	6.4034
7644.1	5.8776
7645.6	6.1239
7647.1	5.8318
7648.7	6.3574
7650.2	6.6021
7651.8	5.9167
7653.3	5.8706
7654.8	6.6972
7656.4	6.212
7657.9	6.2789
7659.5	6.1566
7661.0	5.9142
7662.6	6.1987
7664.1	6.1716
7665.6	6.8173
7667.2	6.2228
7668.7	6.3732
7670.3	6.5039
7671.8	6.0181
7673.4	6.6835
7674.9	6.605
7676.4	6.1055
7678.0	6.5158
7679.5	6.4802
7681.1	6.8095
7682.6	5.8567
7684.1	5.882
7685.7	7.0318
7687.2	6.8294
7688.8	8.1107
7690.3	6.3126
7691.9	6.2666
7693.4	5.7729
7694.9	5.549
7696.5	6.2338
7698.0	5.4818
7699.6	5.271
7701.1	5.3086
7702.7	6.1371
7704.2	6.4033
7705.7	6.454
7707.3	6.9829
7708.8	6.5405
7710.4	6.189
7711.9	6.5778
7713.5	5.1482
7715.0	4.7001
7716.5	5.6735
7718.1	6.4052
7719.6	6.5541
7721.2	5.964
7722.7	5.8046
7724.2	6.3611
7725.8	6.0342
7727.3	5.9986
7728.9	6.2536
7730.4	6.2058
7732.0	5.7334
7733.5	5.5398
7735.0	6.1133
7736.6	5.9345
7738.1	5.8671
7739.7	5.9684
7741.2	5.9139
7742.8	6.02
7744.3	6.3038
7745.8	6.6653
7747.4	6.2063
7748.9	5.8328
7750.5	6.5334
7752.0	6.9925
7753.6	6.4266
7755.1	5.2914
7756.6	5.5617
7758.2	5.891
7759.7	5.6296
7761.3	6.6408
7762.8	6.1009
7764.4	6.112
7765.9	6.6982
7767.4	6.5728
7769.0	6.4378
7770.5	5.5828
7772.1	5.5556
7773.6	5.7762
7775.2	5.6166
7776.7	6.5631
7778.2	5.9811
7779.8	5.5445
7781.3	5.7908
7782.9	5.8532
7784.4	6.8042
7786.0	6.6839
7787.5	5.7906
7789.0	5.6626
7790.6	5.3849
7792.1	5.8019
7793.7	5.7472
7795.2	5.7115
7796.8	6.347
7798.3	6.4306
7799.8	6.2467
7801.4	5.528
7802.9	6.1529
7804.5	6.0517
7806.0	5.958
7807.6	6.5413
7809.1	6.4948
7810.7	6.6435
7812.2	1.7142
7813.7	-8.215
7815.3	-3.3634
7816.8	5.0683
7818.4	6.0688
7819.9	5.4856
7821.5	5.5316
7823.0	6.3514
7824.5	5.4246
7826.1	5.3109
7827.6	5.3337
7829.2	5.3975
7830.7	6.3538
7832.3	5.6479
7833.8	6.1438
7835.3	6.3575
7836.9	5.7898
7838.4	6.0404
7840.0	5.6161
7841.5	5.9366
7843.1	6.3146
7844.6	6.0428
7846.1	5.9269
7847.7	5.5242
7849.2	5.5055
7850.8	5.728
7852.3	5.6473
7853.9	5.9544
7855.4	5.7752
7856.9	5.7576
7858.5	5.9559
7860.0	6.5152
7861.6	6.8974
7863.1	6.1171
7864.7	5.8242
7866.2	5.9327
7867.8	6.5543
7869.3	6.3172
7870.8	5.503
7872.4	6.0701
7873.9	6.1492
7875.5	6.6545
7877.0	6.3785
7878.6	5.9019
7880.1	6.5908
7881.6	5.6606
7883.2	5.1112
7884.7	5.4284
7886.3	5.1963
7887.8	6.068
7889.4	5.7762
7890.9	5.4288
7892.5	6.3939
7894.0	6.0855
7895.5	5.9645
7897.1	5.7855
7898.6	5.6061
7900.2	6.0645
7901.7	5.8047
7903.3	5.7551
7904.8	6.4357
7906.3	6.7911
7907.9	6.7625
7909.4	6.4936
7911.0	6.6106
7912.5	6.3426
7914.1	6.3299
7915.6	5.8606
7917.2	6.1782
7918.7	6.1376
7920.2	5.3478
7921.8	6.0783
7923.3	6.1378
7924.9	6.223
7926.4	6.4193
7928.0	5.6462
7929.5	6.1097
7931.0	5.6311
7932.6	5.1253
7934.1	6.2931
7935.7	5.8773
7937.2	6.1192
7938.8	5.8246
7940.3	5.3896
7941.9	6.4053
7943.4	6.1579
7944.9	5.6959
7946.5	5.7479
7948.0	5.4691
7949.6	5.6777
7951.1	5.5919
7952.7	5.8593
7954.2	6.1027
7955.8	6.1723
7957.3	6.0015
7958.8	5.7044
7960.4	6.146
7961.9	6.1929
7963.5	5.8228
7965.0	6.2326
7966.6	6.6291
7968.1	6.7109
7969.6	6.2553
7971.2	6.0812
7972.7	6.1469
7974.3	5.9865
7975.8	5.9637
7977.4	5.0645
7978.9	5.0033
7980.5	5.9378
7982.0	5.6288
7983.5	5.4533
7985.1	5.3268
7986.6	5.4203
7988.2	5.3198
7989.7	4.8142
7991.3	5.9482
7992.8	5.7149
7994.4	5.2717
7995.9	5.9377
7997.4	5.4303
7999.0	6.1316
8000.5	6.0728
8002.1	6.0983
8003.6	6.2108
8005.2	6.0175
8006.7	5.9099
8008.3	5.2039
8009.8	6.0735
8011.3	5.6002
8012.9	4.9194
8014.4	5.6017
8016.0	5.3128
8017.5	5.4915
8019.1	5.3536
8020.6	5.6605
8022.2	5.8075
8023.7	4.9024
8025.2	5.4581
8026.8	5.5287
8028.3	5.5179
8029.9	6.1702
8031.4	5.7696
8033.0	5.5055
8034.5	5.5213
8036.1	5.5515
8037.6	6.0956
8039.1	6.0041
8040.7	6.1041
8042.2	5.6594
8043.8	5.3157
8045.3	5.6953
8046.9	5.042
8048.4	5.4464
8050.0	5.5056
8051.5	5.5292
8053.0	6.1915
8054.6	5.9729
8056.1	5.4757
8057.7	5.062
8059.2	5.6378
8060.8	5.9249
8062.3	5.7411
8063.9	5.4975
8065.4	5.1719
8067.0	5.2774
8068.5	5.1123
8070.0	4.8604
8071.6	5.5421
8073.1	5.7816
8074.7	5.6945
8076.2	5.2875
8077.8	4.9352
8079.3	5.8095
8080.9	5.5778
8082.4	4.9981
8083.9	5.0137
8085.5	5.6194
8087.0	6.3629
8088.6	5.3381
8090.1	4.9691
8091.7	5.8372
8093.2	5.513
8094.8	5.7674
8096.3	5.9969
8097.8	5.6919
8099.4	5.7105
8100.9	5.6198
8102.5	5.8314
8104.0	5.5796
8105.6	5.2099
8107.1	5.4163
8108.7	5.3774
8110.2	5.8103
8111.8	5.9127
8113.3	5.6485
8114.8	5.882
8116.4	5.3509
8117.9	5.6933
8119.5	5.8639
8121.0	5.734
8122.6	5.779
8124.1	5.2507
8125.7	5.0339
8127.2	4.8979
8128.7	5.2681
8130.3	4.9646
8131.8	4.6665
8133.4	5.6218
8134.9	6.013
8136.5	6.1398
8138.0	5.7648
8139.6	5.5493
8141.1	5.4147
8142.7	4.9296
8144.2	5.831
8145.7	5.6515
8147.3	5.1439
8148.8	5.0717
8150.4	4.1649
8151.9	4.8598
8153.5	4.7186
8155.0	4.5052
8156.6	5.1108
8158.1	4.7023
8159.7	5.1513
8161.2	4.6844
8162.7	3.9537
8164.3	4.6197
8165.8	5.1569
8167.4	5.7574
8168.9	6.0354
8170.5	5.3689
8172.0	5.4463
8173.6	5.6719
8175.1	5.4679
8176.6	5.3252
8178.2	5.4588
8179.7	5.2505
8181.3	4.9855
8182.8	5.5433
8184.4	5.4763
8185.9	5.6002
8187.5	5.1505
8189.0	4.9018
8190.6	5.3786
8192.1	4.9184
8193.6	4.8679
8195.2	4.7613
8196.7	4.7305
8198.3	5.3443
8199.8	4.9541
8201.4	5.0102
8202.9	4.6389
8204.5	4.7261
8206.0	5.8244
8207.6	5.7007
8209.1	5.6431
8210.6	5.6351
8212.2	5.0971
8213.7	5.4392
8215.3	4.9992
8216.8	4.9397
8218.4	5.4443
8219.9	4.6338
8221.5	4.5528
8223.0	4.0981
8224.6	3.8647
8226.1	3.8556
8227.7	4.015
8229.2	4.9677
8230.7	5.0836
8232.3	5.428
8233.8	5.4578
8235.4	5.0373
8236.9	5.7074
8238.5	5.3694
8240.0	5.3755
8241.6	5.5262
8243.1	5.2082
8244.7	5.5142
8246.2	5.2732
8247.7	5.2593
8249.3	4.8471
8250.8	5.1703
8252.4	5.6471
8253.9	5.0576
8255.5	5.0961
8257.0	4.7533
8258.6	5.3299
8260.1	5.9147
8261.7	5.2031
8263.2	5.7432
8264.7	5.5904
8266.3	5.4087
8267.8	5.6019
8269.4	4.8399
8270.9	5.2139
8272.5	5.3886
8274.0	5.0696
8275.6	4.9491
8277.1	4.7282
8278.7	5.323
8280.2	5.3218
8281.7	5.31
8283.3	5.5592
8284.8	5.3405
8286.4	4.8969
8287.9	4.0602
8289.5	4.4221
8291.0	4.8656
8292.6	4.6894
8294.1	5.2441
8295.7	4.8032
8297.2	4.8348
8298.8	4.8426
8300.3	4.7397
8301.8	5.7405
8303.4	4.7826
8304.9	5.0664
8306.5	5.3377
8308.0	4.4995
8309.6	5.0966
8311.1	5.0882
8312.7	5.0885
8314.2	5.4564
8315.8	5.1062
8317.3	5.2541
8318.9	5.2981
8320.4	5.0888
8321.9	5.2115
8323.5	5.1864
8325.0	5.5753
8326.6	5.1176
8328.1	5.6964
8329.7	5.9293
8331.2	5.0395
8332.8	5.0665
8334.3	5.743
8335.9	6.094
8337.4	5.5884
8339.0	4.9534
8340.5	4.6746
8342.0	4.3427
8343.6	4.9883
8345.1	5.277
8346.7	4.8607
8348.2	4.7927
8349.8	4.5714
8351.3	5.3175
8352.9	4.7551
8354.4	4.9365
8356.0	5.6231
8357.5	5.2957
8359.0	5.7375
8360.6	5.2178
8362.1	5.1106
8363.7	5.4037
8365.2	4.246
8366.8	4.4073
8368.3	5.3233
8369.9	5.4728
8371.4	5.5364
8373.0	4.7433
8374.5	5.4055
8376.1	5.3665
8377.6	4.6835
8379.2	4.9588
8380.7	4.2602
8382.2	4.6931
8383.8	5.3876
8385.3	4.9766
8386.9	5.2574
8388.4	5.4174
8390.0	5.227
8391.5	5.2194
8393.1	4.905
8394.6	5.4124
8396.2	5.0171
8397.7	4.523
8399.3	4.963
8400.8	5.3426
8402.3	5.0235
8403.9	5.2785
8405.4	5.5097
8407.0	5.1835
8408.5	5.3935
8410.1	5.0728
8411.6	4.7936
8413.2	5.1909
8414.7	4.772
8416.3	5.0684
8417.8	4.7562
8419.4	4.3136
8420.9	5.2332
8422.4	5.0065
8424.0	5.6551
8425.5	6.1373
8427.1	5.3827
8428.6	4.9117
8430.2	4.5558
8431.7	4.9186
8433.3	5.4167
8434.8	5.5039
8436.4	5.2628
8437.9	4.8893
8439.5	4.9868
8441.0	4.9089
8442.6	4.5764
8444.1	5.5184
8445.6	5.587
8447.2	5.5894
8448.7	5.3764
8450.3	4.6863
8451.8	5.1867
8453.4	4.8996
8454.9	4.9648
8456.5	5.243
8458.0	4.7551
8459.6	4.8405
8461.1	4.9914
8462.7	5.3452
8464.2	4.9798
8465.7	5.1228
8467.3	5.4273
8468.8	5.0186
8470.4	5.5065
8471.9	5.0398
8473.5	4.8571
8475.0	5.1199
8476.6	4.9622
8478.1	5.537
8479.7	5.0638
8481.2	4.4497
8482.8	4.9821
8484.3	5.1188
8485.9	5.4387
8487.4	5.1843
8488.9	5.1339
8490.5	5.4315
8492.0	4.8052
8493.6	4.6154
8495.1	5.125
8496.7	4.9381
8498.2	4.7066
8499.8	4.3666
8501.3	4.7654
8502.9	5.3207
8504.4	5.502
8506.0	5.4274
8507.5	5.0756
8509.1	5.4533
8510.6	5.0862
8512.1	4.5457
8513.7	4.1781
8515.2	4.9353
8516.8	5.5575
8518.3	4.9689
8519.9	4.9848
8521.4	5.1085
8523.0	5.3621
8524.5	5.3667
8526.1	4.5754
8527.6	4.7107
8529.2	5.4251
8530.7	5.3067
8532.3	5.4558
8533.8	5.2313
8535.3	5.1864
8536.9	4.6118
8538.4	4.7078
8540.0	5.0726
8541.5	5.0438
8543.1	4.8652
8544.6	4.8687
8546.2	4.9008
8547.7	5.1785
8549.3	5.3684
8550.8	5.3025
8552.4	4.7832
8553.9	4.7586
8555.5	5.3063
8557.0	4.6923
8558.5	4.1722
8560.1	4.6372
8561.6	5.3412
8563.2	4.7326
8564.7	4.8375
8566.3	5.5051
8567.8	4.9509
8569.4	4.6687
8570.9	4.2811
8572.5	4.027
8574.0	4.7288
8575.6	4.6972
8577.1	5.057
8578.7	5.2366
8580.2	4.9598
8581.8	5.1023
8583.3	4.4411
8584.8	4.2491
8586.4	4.7519
8587.9	4.5376
8589.5	4.1614
8591.0	4.2738
8592.6	4.9718
8594.1	5.3862
8595.7	4.6515
8597.2	4.6643
8598.8	4.7382
8600.3	5.0145
8601.9	4.6136
8603.4	4.1086
8605.0	4.6827
8606.5	4.8736
8608.0	5.3222
8609.6	4.787
8611.1	4.5377
8612.7	4.9122
8614.2	4.9708
8615.8	5.3012
8617.3	4.409
8618.9	3.4701
8620.4	4.0905
8622.0	4.2892
8623.5	4.8391
8625.1	4.6503
8626.6	4.5088
8628.2	5.1544
8629.7	4.9609
8631.3	5.4938
8632.8	4.8293
8634.3	4.1737
8635.9	5.0482
8637.4	4.8191
8639.0	5.3089
8640.5	4.8908
8642.1	4.5596
8643.6	4.6206
8645.2	4.403
8646.7	5.1004
8648.3	4.5489
8649.8	4.1133
8651.4	5.1589
8652.9	5.0413
8654.5	4.2378
8656.0	4.1855
8657.6	4.449
8659.1	4.7052
8660.6	4.2943
8662.2	5.2546
8663.7	4.857
8665.3	4.4653
8666.8	4.3548
8668.4	4.5981
8669.9	5.125
8671.5	4.3567
8673.0	4.5579
8674.6	5.0276
8676.1	5.1262
8677.7	5.1127
8679.2	4.4002
8680.8	5.2379
8682.3	5.0148
8683.9	3.7507
8685.4	4.9991
8686.9	4.3975
8688.5	4.2449
8690.0	4.2895
8691.6	3.7871
8693.1	4.5066
8694.7	4.4828
8696.2	4.7064
8697.8	4.6034
8699.3	4.3056
8700.9	5.1945
8702.4	5.0162
8704.0	4.8056
8705.5	4.9905
8707.1	4.5434
8708.6	4.4596
8710.2	4.5666
8711.7	4.7924
8713.2	4.509
8714.8	4.1605
8716.3	4.627
8717.9	4.6773
8719.4	4.562
8721.0	4.3657
8722.5	4.6063
8724.1	4.8377
8725.6	4.4999
8727.2	5.1418
8728.7	4.6619
8730.3	4.4565
8731.8	5.222
8733.4	4.6912
8734.9	4.645
8736.5	4.5397
8738.0	4.7316
8739.5	4.6687
8741.1	3.741
8742.6	4.5464
8744.2	4.5576
8745.7	3.9914
8747.3	5.1154
8748.8	5.1158
8750.4	4.727
8751.9	4.6527
8753.5	5.3393
8755.0	5.032
8756.6	4.2528
8758.1	4.2622
8759.7	4.4071
8761.2	4.7261
8762.8	5.087
8764.3	4.109
8765.8	3.629
8767.4	4.1119
8768.9	4.6409
8770.5	3.9746
8772.0	3.9856
8773.6	4.5628
8775.1	4.9114
8776.7	4.5554
8778.2	4.0955
8779.8	4.546
8781.3	4.7702
8782.9	4.0297
8784.4	4.1748
8786.0	4.1919
8787.5	4.1156
8789.1	4.9481
8790.6	4.5281
8792.2	4.4619
8793.7	4.2837
8795.2	4.143
8796.8	4.8723
8798.3	4.2091
8799.9	4.6405
8801.4	4.9159
8803.0	3.9114
8804.5	4.337
8806.1	4.0133
8807.6	4.2769
8809.2	5.0689
8810.7	4.794
8812.3	4.7302
8813.8	4.8913
8815.4	5.3348
8816.9	5.3662
8818.5	5.3095
8820.0	4.1848
8821.5	3.5234
8823.1	4.5076
8824.6	4.9927
8826.2	4.9519
8827.7	4.7591
8829.3	4.6993
8830.8	4.8802
8832.4	4.7012
8833.9	5.3102
8835.5	5.053
8837.0	4.3302
8838.6	4.6963
8840.1	4.0649
8841.7	4.6282
8843.2	4.2934
8844.8	3.3385
8846.3	4.7189
8847.9	4.2298
8849.4	3.8872
8850.9	4.4563
8852.5	4.1283
8854.0	4.7456
8855.6	4.3624
8857.1	4.0289
8858.7	4.2333
8860.2	3.5245
8861.8	3.5676
8863.3	3.9313
8864.9	4.1539
8866.4	4.2558
8868.0	4.0755
8869.5	4.1531
8871.1	3.9374
8872.6	4.3845
8874.2	4.3644
8875.7	4.3808
8877.2	4.3643
8878.8	3.6949
8880.3	4.1793
8881.9	4.958
8883.4	4.3816
8885.0	3.9683
8886.5	4.0234
8888.1	4.109
8889.6	3.9013
8891.2	4.4522
8892.7	5.3474
8894.3	4.6889
8895.8	5.1347
8897.4	4.5424
8898.9	4.5548
8900.5	4.9531
8902.0	3.8948
8903.6	4.5149
8905.1	4.5669
8906.6	3.9363
8908.2	4.0764
8909.7	3.6532
8911.3	4.3509
8912.8	4.9055
8914.4	4.5645
8915.9	4.5366
8917.5	4.6166
8919.0	4.4854
8920.6	4.3657
8922.1	4.3091
8923.7	4.5308
8925.2	4.6836
8926.8	4.381
8928.3	4.0209
8929.9	3.9655
8931.4	4.3813
8932.9	4.3047
8934.5	4.701
8936.0	4.1628
8937.6	4.4718
8939.1	4.2113
8940.7	3.9556
8942.2	4.8547
8943.8	4.1857
8945.3	4.3837
8946.9	4.4062
8948.4	3.3765
8950.0	3.7182
8951.5	3.4538
8953.1	3.8476
8954.6	4.507
8956.2	4.1388
8957.7	4.3925
8959.3	3.5598
8960.8	3.5955
8962.3	4.5898
8963.9	3.9454
8965.4	4.8032
8967.0	4.7619
8968.5	4.0449
8970.1	3.9747
8971.6	3.743
8973.2	4.7654
8974.7	4.4715
8976.3	4.4042
8977.8	4.2179
8979.4	4.1236
8980.9	4.4644
8982.5	3.9076
8984.0	4.1252
8985.6	4.2231
8987.1	4.2812
8988.6	4.4724
8990.2	4.3103
8991.7	5.3677
8993.3	5.3527
8994.8	4.7177
8996.4	4.4437
8997.9	3.8081
8999.5	3.8838
9001.0	3.6759
9002.6	4.1465
9004.1	4.4261
9005.7	4.4895
9007.2	5.2679
9008.8	4.8744
9010.3	4.0645
9011.9	3.9817
9013.4	4.0053
9015.0	4.1512
9016.5	3.6739
9018.0	3.853
9019.6	4.4864
9021.1	3.7356
9022.7	4.5951
9024.2	4.5686
9025.8	4.4376
9027.3	4.4653
9028.9	4.4393
9030.4	4.8442
9032.0	4.865
9033.5	4.3812
9035.1	4.7052
9036.6	4.6018
9038.2	4.7149
9039.7	4.2172
9041.3	3.8935
9042.8	3.6728
9044.3	4.1396
9045.9	4.8369
9047.4	3.8145
9049.0	4.444
9050.5	4.4146
9052.1	3.8814
9053.6	4.2363
9055.2	4.0627
9056.7	4.1312
9058.3	3.9087
9059.8	3.542
9061.4	4.2743
9062.9	3.706
9064.5	3.6812
9066.0	3.4215
9067.6	3.858
9069.1	5.0189
9070.6	4.6397
9072.2	4.5766
9073.7	4.3303
9075.3	4.0405
9076.8	4.4078
9078.4	4.1906
9079.9	4.1939
9081.5	4.5173
9083.0	4.3195
9084.6	4.3465
9086.1	4.4704
9087.7	4.7825
9089.2	4.3268
9090.8	3.9882
9092.3	4.2364
9093.9	3.6532
9095.4	3.8288
9097.0	3.5448
9098.5	3.4477
9100.0	3.7566
9101.6	4.0346
9103.1	4.4266
9104.7	3.9059
9106.2	4.9167
9107.8	4.7768
9109.3	3.6265
9110.9	3.7934
9112.4	3.2017
9114.0	3.513
9115.5	4.3963
9117.1	3.7938
9118.6	4.2734
9120.2	4.2561
9121.7	3.1306
9123.3	3.8076
9124.8	3.9616
9126.3	4.0834
9127.9	2.8618
9129.4	2.6301
9131.0	3.3241
9132.5	4.031
9134.1	4.5612
9135.6	4.9225
9137.2	4.7701
9138.7	4.8324
9140.3	4.7417
9141.8	4.703
9143.4	3.6394
9144.9	3.8005
9146.5	4.2641
9148.0	3.6912
9149.5	3.9378
9151.1	3.0745
9152.6	3.9565
9154.2	4.1127
9155.7	4.264
9157.3	4.5945
9158.8	4.1948
9160.4	5.1249
9161.9	4.7282
9163.5	4.0092
9165.0	4.3357
9166.6	3.3201
9168.1	4.0309
9169.7	3.5514
9171.2	3.2241
9172.8	4.4828
9174.3	3.7548
9175.8	4.7319
9177.4	3.8361
9178.9	3.6451
9180.5	3.9406
9182.0	3.7683
9183.6	3.5589
9185.1	4.3207
9186.7	4.0559
9188.2	3.8859
9189.8	4.2455
9191.3	4.4247
9192.9	4.6744
9194.4	4.6072
9196.0	4.3974
9197.5	4.3662
9199.1	4.3399
9200.6	3.7503
9202.1	3.7087
9203.7	4.2208
9205.2	4.1089
9206.8	4.5475
9208.3	3.6331
9209.9	3.8951
9211.4	3.6482
9213.0	3.4448
9214.5	4.5063
9216.1	3.2615
9217.6	4.0473
9219.2	3.9873
9220.7	3.0557
9222.3	4.2595
9223.8	4.5877
9225.3	4.361
9226.9	4.146
9228.4	3.7398
9230.0	4.0665
9231.5	3.7155
9233.1	4.5623
9234.6	3.9127
9236.2	3.9517
9237.7	4.2396
9239.3	3.7152
9240.8	3.6332
9242.4	3.4608
9243.9	4.0462
9245.5	4.5466
9247.0	3.9255
9248.5	3.7421
9250.1	3.6837
9251.6	4.2342
9253.2	4.4839
9254.7	3.2634
9256.3	3.862
9257.8	2.9594
9259.4	3.4022
9260.9	3.9067
9262.5	3.9535
9264.0	4.1709
9265.6	3.5349
9267.1	3.5243
9268.7	4.1902
9270.2	3.7381
9271.7	4.5622
9273.3	4.1172
9274.8	3.4442
9276.4	4.1522
9277.9	3.4885
9279.5	4.5223
9281.0	4.008
9282.6	4.0458
9284.1	4.2497
9285.7	3.511
9287.2	3.8941
9288.8	3.6037
9290.3	3.3689
9291.9	4.3518
9293.4	3.19
9294.9	3.8686
9296.5	4.5031
9298.0	3.9598
9299.6	4.6485
9301.1	3.7188
9302.7	2.9797
9304.2	2.3236
9305.8	4.1233
9307.3	4.951
9308.9	4.1929
9310.4	4.5473
9312.0	3.3237
9313.5	4.9648
9315.1	5.4999
9316.6	5.6329
9318.1	5.3382
9319.7	2.2341
9321.2	2.5856
9322.8	4.5115
9324.3	3.69
9325.9	4.4523
9327.4	3.3176
9329.0	3.3078
9330.5	4.7015
9332.1	2.1569
9333.6	4.1153
9335.2	3.0519
9336.7	3.9461
9338.2	4.1984
9339.8	3.569
9341.3	3.893
9342.9	4.309
9344.4	4.3924
9346.0	4.0643
9347.5	4.2511
9349.1	4.646
9350.6	2.7772
9352.2	5.0718
9353.7	4.8653
9355.3	4.0271
9356.8	3.7555
9358.4	2.227
9359.9	4.1534
9361.4	3.6062
9363.0	4.3893
9364.5	3.3269
9366.1	2.4614
9367.6	4.4607
9369.2	4.5036
9370.7	2.5706
9372.3	2.7256
9373.8	0.013935
9375.4	2.9746
9376.9	2.9571
9378.5	4.0913
9380.0	3.8165
9381.5	3.0215
9383.1	4.552
9384.6	3.6581
9386.2	3.8105
9387.7	3.3735
9389.3	2.8662
9390.8	4.0902
9392.4	3.405
9393.9	3.2054
9395.5	3.1363
9397.0	4.142
9398.6	4.1895
9400.1	3.8848
9401.6	4.5753
9403.2	4.7361
9404.7	3.883
9406.3	3.8322
9407.8	3.4155
9409.4	3.96
9410.9	4.1208
9412.5	4.2479
9414.0	4.3505
9415.6	3.5172
9417.1	3.7276
9418.7	3.2626
9420.2	4.1538
9421.7	5.1328
9423.3	3.5989
9424.8	2.5514
9426.4	3.7511
9427.9	4.5234
9429.5	4.6002
9431.0	3.4626
9432.6	2.955
9434.1	2.3866
9435.7	1.5687
9437.2	1.9615
9438.7	1.7273
9440.3	2.4818
9441.8	3.5354
9443.4	3.3414
9444.9	3.9057
9446.5	3.606
9448.0	3.7671
9449.6	4.2558
9451.1	4.1807
9452.7	4.1317
9454.2	2.4638
9455.8	3.3587
9457.3	3.503
9458.8	3.1755
9460.4	3.633
9461.9	3.5229
9463.5	3.4922
9465.0	3.5104
9466.6	3.077
9468.1	4.7492
9469.7	3.3498
9471.2	4.0241
9472.8	3.6166
9474.3	4.1259
9475.8	4.3449
9477.4	3.5755
9478.9	4.355
9480.5	3.4674
9482.0	3.9764
9483.6	4.187
9485.1	3.2362
9486.7	4.0661
9488.2	3.1829
9489.8	3.2133
9491.3	3.2001
9492.9	3.1631
9494.4	3.7738
9495.9	2.5098
9497.5	3.3658
9499.0	3.8272
9500.6	3.5125
9502.1	4.2017
9503.7	3.2379
9505.2	2.6825
9506.8	4.0743
9508.3	3.1296
9509.9	5.1763
9511.4	3.5304
9512.9	3.556
9514.5	3.8369
9516.0	3.4785
9517.6	3.7235
9519.1	2.6571
9520.7	2.9082
9522.2	3.7152
9523.8	3.8506
9525.3	3.9685
9526.9	2.6113
9528.4	3.8456
9529.9	4.0388
9531.5	4.1729
9533.0	3.8356
9534.6	3.85
9536.1	3.9837
9537.7	3.9437
9539.2	2.919
9540.8	4.1345
9542.3	3.1348
9543.9	4.0565
9545.4	3.9118
9546.9	4.3588
9548.5	4.9675
9550.0	2.518
9551.6	2.6481
9553.1	2.7992
9554.7	2.2793
9556.2	4.2664
9557.8	4.9244
9559.3	4.1187
9560.9	2.8106
9562.4	4.3362
9563.9	4.1765
9565.5	2.7986
9567.0	4.4869
9568.6	3.2054
9570.1	3.1228
9571.7	3.8771
9573.2	3.9011
9574.8	4.6599
9576.3	2.9422
9577.8	2.0222
9579.4	2.8247
9580.9	3.3038
9582.5	4.2433
9584.0	2.5737
9585.6	4.3261
9587.1	3.5715
9588.7	2.6978
9590.2	4.5521
9591.8	2.1986
9593.3	4.2549
9594.8	4.2633
9596.4	4.1175
9597.9	4.1201
9599.5	3.4424
9601.0	4.2237
9602.6	4.4954
9604.1	3.6167
9605.7	4.3909
9607.2	3.4154
9608.7	3.851
9610.3	3.8468
9611.8	3.1738
9613.4	4.0231
9614.9	4.1367
9616.5	3.136
9618.0	2.5676
9619.6	3.3015
9621.1	3.3417
9622.7	4.3793
9624.2	3.4164
9625.7	3.9569
9627.3	3.6982
9628.8	4.1927
9630.4	3.3375
9631.9	3.4884
9633.5	3.2713
9635.0	3.8199
9636.6	3.1095
9638.1	3.3179
9639.6	4.8271
9641.2	3.6974
9642.7	2.9073
9644.3	4.5566
9645.8	3.1303
9647.4	4.2639
9648.9	2.9477
9650.5	3.282
9652.0	4.694
9653.5	3.3706
9655.1	3.8792
9656.6	3.8747
9658.2	4.1142
9659.7	6.2805
9661.3	4.8024
9662.8	4.8634
9664.4	4.3789
9665.9	3.2231
9667.4	4.0101
9669.0	3.9517
9670.5	3.465
9672.1	3.7482
9673.6	3.9718
9675.2	3.5375
9676.7	4.5022
9678.3	3.9398
9679.8	3.029
9681.3	3.5023
9682.9	3.0342
9684.4	2.391
9686.0	3.9794
9687.5	2.5832
9689.1	4.3584
9690.6	2.8612
9692.2	2.9799
9693.7	4.5532
9695.2	2.7144
9696.8	3.4807
9698.3	3.8762
9699.9	2.5911
9701.4	4.3002
9703.0	3.4784
9704.5	3.3174
9706.1	4.3286
9707.6	2.929
9709.1	3.5171
9710.7	3.9751
9712.2	3.1271
9713.8	4.2642
9715.3	3.4184
9716.9	3.1733
9718.4	3.5559
9720.0	3.5325
9721.5	2.7234
9723.0	2.5467
9724.6	2.7523
9726.1	3.3661
9727.7	3.0489
9729.2	3.1753
9730.8	2.5286
9732.3	3.0293
9733.8	3.7809
9735.4	3.0197
9736.9	2.8501
9738.5	4.0579
9740.0	2.9025
9741.6	2.7409
9743.1	3.3541
9744.7	3.4267
9746.2	4.0292
9747.7	3.3031
9749.3	2.8995
9750.8	3.736
9752.4	3.3509
9753.9	3.6407
9755.5	3.4572
9757.0	2.2222
9758.6	3.1288
9760.1	3.0976
9761.6	3.0729
9763.2	4.0117
9764.7	3.8129
9766.3	4.5413
9767.8	3.6101
9769.4	3.6993
9770.9	4.3124
9772.4	3.327
9774.0	3.6862
9775.5	3.5831
9777.1	4.2344
9778.6	3.3317
9780.2	3.9673
9781.7	4.6987
9783.3	3.0806
9784.8	4.9775
9786.3	3.5097
9787.9	3.4787
9789.4	3.5245
9791.0	2.4068
9792.5	3.2634
9794.1	3.7895
9795.6	3.0958
9797.1	3.0677
9798.7	2.2703
9800.2	3.7972
9801.8	3.2174
9803.3	4.1294
9804.9	3.749
9806.4	2.3441
9807.9	3.0795
9809.5	3.5096
9811.0	2.9997
9812.6	3.9952
9814.1	3.2502
9815.7	4.0541
9817.2	3.2778
9818.7	3.7046
9820.3	2.9482
9821.8	3.3421
9823.4	3.9546
9824.9	3.0521
9826.5	3.2198
9828.0	3.5218
9829.6	3.9012
9831.1	3.9215
9832.6	2.8998
9834.2	2.5794
9835.7	3.2865
9837.3	2.5516
9838.8	3.7164
9840.4	2.7676
9841.9	3.4117
9843.4	3.1614
9845.0	2.2908
9846.5	3.0719
9848.1	2.799
9849.6	3.5523
9851.2	2.7762
9852.7	2.8576
9854.2	2.9019
9855.8	3.2567
9857.3	3.1381
9858.9	3.2058
9860.4	2.2141
9862.0	3.9849
9863.5	5.327
9865.0	2.3738
9866.6	2.3857
9868.1	2.4244
9869.7	3.026
9871.2	2.8807
9872.8	3.1401
9874.3	3.8943
9875.8	4.3494
9877.4	3.5214
9878.9	3.536
9880.5	2.8705
9882.0	3.3611
9883.6	2.2783
9885.1	3.0871
9886.6	3.1722
9888.2	2.5285
9889.7	2.727
9891.3	4.3929
9892.8	4.5393
9894.3	2.9767
9895.9	2.6006
9897.4	2.0896
9899.0	2.9242
9900.5	3.3444
9902.1	1.8615
9903.6	4.5705
9905.1	3.4895
9906.7	2.3217
9908.2	2.0427
9909.8	2.0124
9911.3	4.2614
9912.9	3.0633
9914.4	2.1191
9915.9	2.3671
9917.5	1.6575
9919.0	3.6435
9920.6	3.0126
9922.1	4.0466
9923.7	3.0684
9925.2	2.9034
9926.7	3.1097
9928.3	2.9942
9929.8	3.1917
9931.4	3.4606
9932.9	2.4654
9934.4	2.2439
9936.0	4.2847
9937.5	2.8391
9939.1	3.2454
9940.6	1.5558
9942.2	2.7264
9943.7	1.3708
9945.2	3.7403
9946.8	1.5494
9948.3	2.8413
9949.9	2.6807
9951.4	2.1358
9953.0	1.7568
9954.5	2.3563
9956.0	2.0882
9957.6	3.7164
9959.1	4.5671
9960.7	3.5289
9962.2	2.3559
9963.7	1.6903
9965.3	3.858
9966.8	2.7322
9968.4	3.6108
9969.9	3.5303
9971.5	3.1984
9973.0	3.949
9974.5	2.2217
9976.1	2.48
9977.6	2.9394
9979.2	2.6766
9980.7	3.1712
9982.2	3.2914
9983.8	3.0107
9985.3	1.9292
9986.9	2.3504
9988.4	3.3464
9990.0	3.1778
9991.5	2.3314
9993.0	4.2665
9994.6	2.3542
9996.1	3.1614
9997.7	2.8027
9999.2	3.2373
10001.0	3.4608
10002.0	6.1557
10004.0	4.6152
10005.0	2.3628
10007.0	2.664
10008.0	3.7536
10010.0	1.5788
10012.0	3.6251
10013.0	2.723
10015.0	3.0692
10016.0	2.7959
10018.0	2.467
10019.0	3.3351
10021.0	2.2291
10022.0	3.3723
10024.0	2.8373
10025.0	3.7918
10027.0	2.6433
10028.0	2.9765
10030.0	1.9288
10032.0	2.283
10033.0	2.9704
10035.0	3.3234
10036.0	3.7712
10038.0	1.9478
10039.0	2.1186
10041.0	2.6945
10042.0	2.6133
10044.0	3.0003
10045.0	3.1027
10047.0	3.1045
10049.0	3.6145
10050.0	3.392
10052.0	4.223
10053.0	3.5618
10055.0	4.9552
10056.0	2.7583
10058.0	2.7723
10059.0	3.0479
10061.0	3.7012
10062.0	2.9039
10064.0	3.1121
10065.0	1.8545
10067.0	1.4927
10069.0	5.4626
10070.0	3.4751
10072.0	4.8806
10073.0	4.5143
10075.0	4.9648
10076.0	3.6893
10078.0	3.8861
10079.0	2.5643
10081.0	2.9421
10082.0	1.8745
10084.0	3.2593
10085.0	4.2325
10087.0	3.8677
10089.0	2.8606
10090.0	2.2473
10092.0	3.072
10093.0	2.5577
10095.0	4.0254
10096.0	3.776
10098.0	4.8305
10099.0	2.6249
10101.0	3.265
10102.0	2.7319
10104.0	2.2039
10106.0	1.3347
10107.0	1.8307
10109.0	2.7402
10110.0	2.6956
10112.0	2.6645
10113.0	2.918
10115.0	5.9675
10116.0	2.0397
10118.0	4.1479
10119.0	3.2999
10121.0	1.8324
10122.0	2.8598
10124.0	1.7777
10126.0	3.958
10127.0	4.2342
10129.0	4.0433
10130.0	4.1267
10132.0	2.5306
10133.0	3.8867
10135.0	2.9097
10136.0	2.8694
10138.0	2.1092
10139.0	3.2927
10141.0	3.0191
10142.0	3.2957
10144.0	2.304
10146.0	2.5622
10147.0	1.4405
10149.0	2.7954
10150.0	2.3577
10152.0	3.8768
10153.0	1.9384
10155.0	3.8676
10156.0	0.96793
10158.0	1.3827
10159.0	5.3928
10161.0	2.5009
10162.0	3.8621
10164.0	2.3697
10166.0	0.1684
10167.0	2.294
10169.0	3.9277
10170.0	2.6954
10172.0	3.4267
10173.0	3.3746
10175.0	4.9082
10176.0	4.2154
10178.0	4.5696
10179.0	3.593
10181.0	4.9171
10182.0	5.6679
10184.0	5.9818
10186.0	2.9121
10187.0	6.0578
10189.0	3.8468
10190.0	4.7018
10192.0	4.2855
10193.0	0.81468
10195.0	4.0612
10196.0	6.2664
10198.0	6.1819
10199.0	2.4843
10201.0	1.7469
10202.0	0.24284
10204.0	-1.1286
10206.0	3.0046
10207.0	1.292
10209.0	1.43
10210.0	3.88
10212.0	2.0506
10213.0	3.498
10215.0	0.87275
10216.0	4.8469
10218.0	0.12861
10219.0	3.0218
10221.0	3.1319
10222.0	0.94579
10224.0	5.3026
10226.0	4.1665
10227.0	3.1088
10229.0	2.4084
10230.0	0.42945
10232.0	1.7214
10233.0	1.9937
10235.0	0.51142
10236.0	3.1706
10238.0	0.30329
10239.0	2.3486
10241.0	-0.23567
10242.0	4.8461
10244.0	4.7326
10246.0	3.551
10247.0	0.4382
10249.0	5.8078
10250.0	3.2596
10252.0	3.6246
10253.0	3.371
10255.0	2.9427
10256.0	0.12136
10258.0	2.1805
10259.0	1.7974
10261.0	0.62951
10262.0	2.8312
10264.0	0.94938
10266.0	3.6253
10267.0	5.7301
10269.0	5.37
10270.0	4.1302
10272.0	1.5757
10273.0	4.6031
10275.0	5.3177
10276.0	1.7558
10278.0	2.9112
10279.0	1.1926
10281.0	4.4911
10282.0	6.1752
10284.0	3.6646
10286.0	5.459
10287.0	1.2642
10289.0	1.7546
10290.0	2.5951
10292.0	1.7588
10293.0	4.6189
10295.0	2.354
10296.0	-1.4656
10298.0	3.3399
10299.0	1.3905
10301.0	5.293
10302.0	3.6548
10304.0	5.8722
10306.0	1.1298
10307.0	0.9128
10309.0	2.007
10310.0	-1.1304
10312.0	0.6769
10313.0	1.7684
10315.0	1.7591
10316.0	5.1741
10318.0	-1.8513
10319.0	6.0459
10321.0	5.0016
10322.0	0.0091238
10324.0	4.2961
10326.0	3.6549
10327.0	11.32
10329.0	0.4892
10330.0	-2.6432
10332.0	0.71457
10333.0	3.9189
10335.0	5.0999
10336.0	0.8243
10338.0	5.4299
10339.0	6.5681
10341.0	-0.83458
10342.0	7.0162
10344.0	1.6953
10345.0	-1.5467
10347.0	-0.91797
10349.0	2.9297
10350.0	0.29699
10352.0	1.7121
10353.0	3.259
10355.0	-2.3022
10356.0	-1.3563
10358.0	3.8857
10359.0	6.9668
10361.0	5.2966
10362.0	2.5678
10364.0	0.14747
10365.0	8.5735
10367.0	3.9613
10369.0	3.9509
10370.0	3.9768
10372.0	9.1364
10373.0	6.5974
10375.0	0.28373
10376.0	-1.8677
10378.0	2.8589
10379.0	1.3294
10381.0	9.1182
10382.0	1.5316
10384.0	-0.28626
10385.0	-0.38486
10387.0	-2.3562
10388.0	1.3452
10390.0	-0.61676
10392.0	6.6514
10393.0	2.6726
10395.0	-3.7911
10396.0	3.5211
10398.0	7.2821
10399.0	2.5261
10401.0	2.1424
10402.0	1.7434
10404.0	2.8748
10405.0	2.1907
10407.0	1.8518
10408.0	1.7794
10410.0	3.7954
10412.0	1.7825
10413.0	3.7784
10415.0	1.2338
10416.0	-0.79778
10418.0	5.4353
10419.0	5.2189
10421.0	1.5268
10422.0	4.29
10424.0	7.3572
10425.0	5.1466
10427.0	8.0803
10428.0	0.92831
10430.0	0.75599
10431.0	1.8277
10433.0	1.9366
10435.0	7.0823
10436.0	3.2777
10438.0	-0.33245
10439.0	1.2051
10441.0	0.14266
10442.0	4.4438
10444.0	2.6701
10445.0	7.0612
10447.0	3.7663
10448.0	-1.3835
10450.0	-2.6991
10451.0	-3.5676
10453.0	-0.4844
10455.0	-3.8621
10456.0	-3.2193
10458.0	-1.974
10459.0	-1.0308
10461.0	2.3302
10462.0	2.7202
10464.0	2.0169
10465.0	-1.5247
10467.0	-2.442
10468.0	-1.2342
10470.0	-4.5925
10471.0	-3.4663
10473.0	-0.43194
10474.0	8.0532
10476.0	3.3921
10478.0	-1.48
10479.0	4.2963
10481.0	6.9711
10482.0	1.9002
10484.0	3.7938
10485.0	3.0497
10487.0	8.8812
10488.0	6.0923
10490.0	-0.42913
10491.0	2.6709
10493.0	-4.2448
10494.0	0.45973
10496.0	4.2501
10497.0	1.6379
10499.0	4.0421
