3357.189185043095 0.4357160844201279
3367.1973032148685 0.6191365481005595
3377.205421386642 0.45894619801264214
3387.213539558415 0.24436186996815862
3397.221657730188 0.3141276307725226
3407.229775901961 0.36425798007424737
3417.2378940737344 0.5945842903077145
3427.2460122455077 0.37910047603278163
3437.254130417281 0.21763425075079074
3447.2622485890543 0.16156117085412447
3457.2703667608275 0.5090344809392726
3467.278484932601 0.33587987027068533
3477.286603104374 0.30641411773513444
3487.294721276147 0.3887287317963105
3497.30283944792 0.3700899505466726
3507.3109576196935 0.5047749052411568
3517.3190757914667 0.40345607839591685
3527.32719396324 0.4506213753477397
3537.3353121350133 0.5346323988080877
3547.3434303067866 0.45784978230837636
3557.35154847856 0.4238640303890793
3567.359666650333 0.3068784528406932
3577.367784822106 0.41338725062268755
3587.375902993879 0.631939348151875
3597.3840211656525 0.41112659451960853
3607.3921393374258 0.35674120613272076
3617.400257509199 0.4362370908819712
3627.4083756809723 0.3835813112169441
3637.4164938527456 0.5046308135333231
3647.424612024519 0.5380979881261326
3657.432730196292 0.4611567547104098
3667.440848368065 0.46144258737011484
3677.4489665398382 0.22889713366965314
3687.4570847116115 0.485277583070801
3697.465202883385 0.42206400649420517
3707.473321055158 0.5292866940721987
3717.4814392269313 0.43000844414890643
3727.4895573987046 0.3839085102036632
3737.497675570478 0.5433375547697844
3747.505793742251 0.3957286526043126
3757.513911914024 0.5539607924953911
3767.5220300857973 0.6491260168089833
3777.5301482575705 0.48619676075364365
3787.538266429344 0.5621838379482014
3797.546384601117 0.6345482916379275
3807.5545027728904 0.5205356323090863
3817.5626209446636 0.513829529776008
3827.570739116437 0.6231835318664061
3837.5788572882097 0.5127876798447788
3847.586975459983 0.6418620142565586
3857.5950936317563 0.6192870571014796
3867.6032118035296 0.6460851740129213
3877.611329975303 0.6254508493231707
3887.619448147076 0.6924873657110838
3897.6275663188494 0.7346748931827961
3907.6356844906227 0.683514370852022
3917.643802662396 0.6652295249965758
3927.6519208341692 0.7376290392723296
3937.660039005942 0.7691009041664553
3947.6681571777153 0.7165997356601704
3957.6762753494886 0.6585945166630889
3967.684393521262 0.7311690565542294
3977.692511693035 0.800403571711932
3987.7006298648084 0.7893741359420124
3997.7087480365817 0.7374813801922887
4007.716866208355 0.7087291268170425
4017.724984380128 0.843163691884149
4027.733102551901 0.8502771365125551
4037.7412207236744 0.776238068328832
4047.7493388954476 0.8330756135554573
4057.757457067221 0.8872856006639025
4067.765575238994 0.826016006078249
4077.7736934107675 0.9034941664590408
4087.7818115825407 0.9223208905718452
4097.789929754314 0.905615478357022
4107.798047926088 0.9400943241123658
4117.80616609786 0.952982374259227
4127.814284269634 0.8993932086129804
4137.822402441407 0.8305756803708468
4147.83052061318 0.7940649802353498
4157.838638784953 0.7799208697897292
4167.846756956726 0.6606196805746208
4177.8548751285 0.6871673777960501
4187.862993300272 0.7251415804508657
4197.871111472046 0.6107836825843698
4207.879229643819 1.2372379829283484
4217.887347815593 0.6931255129746123
4227.895465987365 0.7250401548776142
4237.903584159139 0.7861962490584193
4247.911702330912 0.772597809836855
4257.919820502686 0.7543967476020218
4267.927938674458 0.7534714550357087
4277.9360568462325 0.7187066306130786
4287.944175018005 0.8887883061335913
4297.952293189779 0.8332039720979563
4307.960411361551 0.9129157630197393
4317.968529533325 0.9831864159914078
4327.976647705098 0.9916125402349504
4337.98476587687 1.0478203572483598
4347.992884048645 1.043919653854778
4358.001002220417 1.0396911673299343
4368.009120392191 1.0810888404144443
4378.0172385639635 1.1400379655986599
4388.025356735738 1.1106851217640896
4398.03347490751 1.090625260915108
4408.041593079284 1.107675257154068
4418.049711251057 1.0928243941770812
4428.057829422831 1.1669398333417338
4438.065947594603 1.0757144818384627
4448.074065766377 1.041619487362291
4458.08218393815 0.994595530690232
4468.090302109924 1.131109735180459
4478.098420281696 1.1315981251640983
4488.1065384534695 0.9785673784598299
4498.114656625243 1.023301817601378
4508.122774797016 0.9775311474723295
4518.130892968789 1.0279800844112053
4528.139011140562 1.0060269244361078
4538.147129312336 0.9824193676820013
4548.155247484108 1.0959081042267496
4558.163365655882 0.9764302957318385
4568.171483827655 0.9967963478319396
4578.179601999429 1.0955921456599382
4588.187720171201 1.0204173729642387
4598.195838342976 1.0678255206819562
4608.203956514748 1.0662587296105037
4618.212074686522 1.1345259950257571
4628.2201928582945 1.11099753357872
4638.228311030069 1.0264445332808345
4648.236429201841 1.0146604331100242
4658.244547373615 1.0735352879667877
4668.252665545388 1.1042145787056543
4678.260783717161 0.9894566719692675
4688.268901888934 1.0780316113584407
4698.2770200607065 1.106417860869769
4708.285138232481 1.0361884282400302
4718.293256404253 1.0144659056907168
4728.301374576027 1.0870674659553905
4738.3094927478 1.0078590573186894
4748.317610919574 1.022123596088879
4758.325729091346 0.9553724621023842
4768.33384726312 0.9078987301054511
4778.341965434893 0.8691765716098181
4788.350083606667 1.0
4798.358201778439 0.8519553796726063
4808.366319950213 0.8904480757567464
4818.374438121986 0.8943926158434276
4828.38255629376 0.8654576603288634
4838.390674465532 0.8155951956988373
4848.398792637306 0.8451010724182739
4858.406910809079 0.9053635320656462
4868.415028980852 0.7976610258460501
4878.4231471526255 0.8385629424677912
4888.431265324398 0.8752008989392243
4898.439383496172 0.9490474408849257
4908.447501667944 0.9238818846019015
4918.455619839719 0.9746661939625654
4928.463738011491 0.9911518254228414
4938.471856183265 0.9876665156676154
4948.4799743550375 0.9917425422481789
4958.488092526812 1.0080701347462595
4968.496210698584 1.085103914944968
4978.504328870358 1.1753191054806857
4988.512447042131 1.2026808038688024
4998.520565213905 1.1586445120747186
5008.528683385677 1.2715364889625722
5018.53680155745 1.3565839611526518
5028.544919729224 1.3260704422169598
5038.553037900997 1.354724707336458
5048.56115607277 1.332157803215663
5058.569274244543 1.3864380226224922
5068.577392416317 1.412609673183841
5078.585510588089 1.3948980740470405
5088.593628759863 1.4560410822027114
5098.601746931636 1.4822225426773932
5108.60986510341 1.4506679262514652
5118.617983275182 1.3921873482421152
5128.626101446956 1.4430623360744566
5138.634219618729 1.4491386559551984
5148.642337790503 1.3870739378874712
5158.650455962275 1.3614186756562847
5168.65857413405 1.3291580753197851
5178.666692305822 1.2471667647941587
5188.674810477596 1.3025170400144046
5198.6829286493685 1.2206485491830663
5208.691046821142 1.2395503296136885
5218.699164992915 1.2311112225637981
5228.707283164687 1.1877091457555382
5238.715401336462 1.1697844973148435
5248.723519508234 1.1859934232701421
5258.731637680008 1.1075205633884484
5268.7397558517805 1.0570647868426433
5278.747874023555 1.1210379780597164
5288.755992195327 1.1574295276706004
5298.764110367101 1.0414376079240717
5308.772228538874 1.160037424642483
5318.780346710648 1.0124031486748282
5328.78846488242 1.111170187361772
5338.796583054194 1.0356688604054134
5348.804701225967 1.0817454129292248
5358.812819397741 1.0629661955386094
5368.820937569513 1.0563244896885953
5378.8290557412865 1.0772729322318964
5388.83717391306 1.0041232080282672
5398.845292084833 1.0307741831344819
5408.853410256606 1.1979212270210942
5418.86152842838 1.0880664324971983
5428.869646600153 1.109161911870449
5438.877764771925 1.1038829859271886
5448.8858829436995 1.0479274628035138
5458.894001115472 1.0187632983965125
5468.902119287246 0.9929520641974073
5478.910237459018 1.188570569925066
5488.918355630793 1.0279689482541985
5498.926473802565 0.9382441899661598
5508.934591974339 0.9013970625343225
5518.9427101461115 0.8701934801406718
5528.950828317885 0.9188158052349695
5538.958946489658 0.9198334087119396
5548.967064661431 0.9993330841324978
5558.975182833205 0.9119960612391314
5568.983301004978 0.9470211800791924
5578.991419176751 1.0880797984535016
5588.999537348524 1.105697282094513
5599.007655520298 0.9402540440674682
5609.01577369207 0.9006137260341806
5619.023891863844 0.9850753492212089
5629.032010035617 1.0221957096484269
5639.040128207391 1.5018611774403823
5649.048246379163 1.0844968613911607
5659.056364550937 1.0921215314235324
5669.06448272271 1.1440010703933727
5679.072600894484 1.2028626200902228
5689.080719066256 1.1996094991047193
5699.08883723803 1.3000251887173473
5709.096955409803 1.3573269574956908
5719.105073581576 1.360223802259764
5729.113191753349 1.4414869110553574
5739.121309925123 1.4088026605534325
5749.129428096896 1.467411776558538
5759.137546268669 1.542738850627108
5769.1456644404425 1.5425324129566047
5779.153782612215 1.6384992225240496
5789.161900783989 1.6169542552860725
5799.170018955761 1.6577097240578962
5809.178137127536 1.6165512743922525
5819.186255299308 1.6814464400568485
5829.194373471082 1.653838250866166
5839.2024916428545 1.693377859194642
5849.210609814629 1.7471253059479182
5859.218727986401 1.7232629373519581
5869.226846158175 1.6943852960153576
5879.234964329948 1.7685273554518564
5889.243082501721 1.7242675921815336
5899.251200673494 1.7601370511215437
5909.259318845267 1.7437800355225308
5919.267437017041 1.750414074264238
5929.275555188814 1.8297504647004645
5939.283673360587 1.8033138199539271
5949.291791532361 1.8372024012108479
5959.299909704134 1.678736884350507
5969.308027875906 1.8413932389957304
5979.31614604768 1.8639796282341272
5989.324264219453 1.8595879299969658
5999.332382391227 1.8045459473427978
6009.340500562999 1.8619487911083497
6019.3486187347735 1.774232227394007
6029.356736906546 1.8304003019823358
6039.36485507832 1.8142288427710327
6049.372973250092 1.7627189301158523
6059.381091421866 1.8243439853000318
6069.389209593639 1.7385744193708172
6079.397327765412 1.6903355027151754
6089.4054459371855 1.7217874525475734
6099.413564108959 1.6979576010958641
6109.421682280732 1.7472911144174919
6119.429800452505 1.7054240562522116
6129.437918624279 1.63305658365078
6139.446036796051 1.6208295478903534
6149.454154967825 1.6007324249471815
6159.4622731395975 1.6384839076501436
6169.470391311372 1.630707644149587
6179.478509483144 1.5969720505814171
6189.486627654918 1.5405968638422805
6199.494745826691 1.6042083688686937
6209.502863998465 1.5372502374194303
6219.510982170237 1.5845988836765923
6229.5191003420105 1.497559915608675
6239.527218513784 1.4623274686103183
6249.535336685557 1.50868015057992
6259.54345485733 1.5546357847103571
6269.551573029104 1.5186600681634164
6279.559691200877 1.4670208150482893
6289.56780937265 1.4105196287399078
6299.575927544423 1.4111999898440934
6309.584045716196 1.3760314387522028
6319.59216388797 1.3890701307273838
6329.600282059742 1.4015470357426736
6339.6084002315165 1.428615554250998
6349.616518403289 1.3788427101693999
6359.624636575063 1.4164496163193228
6369.632754746835 1.4055660216675119
6379.64087291861 1.4453096724253862
6389.648991090382 1.3776601179860206
6399.657109262156 1.3533215159051366
6409.6652274339285 1.4274701860630599
6419.673345605702 1.4198426662683334
6429.681463777475 1.424267483973527
6439.689581949248 1.3930233316516396
6449.697700121022 1.336681796085671
6459.705818292795 1.3972206959267217
6469.713936464568 1.363222909981521
6479.722054636341 1.3646356146559884
6489.730172808115 1.4135928902282857
6499.738290979887 1.4030943186939582
6509.746409151661 1.349720944344065
6519.754527323434 1.3232574909040262
6529.762645495208 1.3384198715574258
6539.77076366698 1.3846807268534638
6549.778881838754 1.3809235825450994
6559.787000010527 1.3372606152190905
6569.795118182301 1.3272086228463258
6579.803236354073 1.3396875670725503
6589.811354525847 1.2341408992433833
6599.81947269762 1.2782620035638808
6609.827590869393 1.2588851962654426
6619.835709041166 1.3593316409041634
6629.84382721294 1.295687021169056
6639.851945384713 1.2538009072608378
6649.860063556486 1.2629489759894144
6659.8681817282595 1.267223718297209
6669.876299900032 1.2718230423193055
6679.884418071806 1.3304488003955015
6689.892536243578 1.3099048187652076
6699.900654415353 1.3554480833937843
6709.908772587125 1.3887698806316555
6719.916890758899 1.3135435307488725
6729.9250089306715 1.2658540701202194
6739.933127102446 1.2294820349940265
6749.941245274218 1.2352156538750207
6759.949363445991 1.2326329888985215
6769.957481617765 1.2357966231081292
6779.965599789538 1.1950917019230287
6789.973717961311 1.204879291055792
6799.9818361330845 1.2047519901814538
6809.989954304858 1.117708166015841
6819.998072476631 1.1046086730269347
6830.006190648404 1.0875604855215342
6840.014308820177 1.292937002969627
6850.022426991951 1.1554716947044237
6860.030545163723 1.1044764173387107
6870.038663335497 0.9252405868677926
6880.04678150727 1.0037153324888186
6890.054899679044 0.9620978455991919
6900.063017850816 1.0073597622957347
6910.0711360225905 1.002618889929342
6920.079254194363 1.0345297564553746
6930.087372366137 1.064209636532438
6940.095490537909 1.1256139803331449
6950.103608709683 1.115648267115146
6960.111726881456 1.1370577268311222
6970.119845053229 1.1396937502838391
6980.1279632250025 1.1581237923896637
6990.136081396776 1.1792379642703499
7000.144199568549 1.2186219025670004
7010.152317740322 1.1622379783487762
7020.160435912096 1.251873050392377
7030.168554083868 1.2228361176944462
7040.176672255642 1.215317807832652
7050.184790427415 1.2745299171800635
7060.192908599189 1.2349340452319928
7070.201026770961 1.292256086241046
7080.209144942735 1.2703620823735076
7090.217263114508 1.2330432935908997
7100.225381286282 1.273430713685605
7110.233499458054 1.2575946384564787
7120.2416176298275 1.2475263727606005
7130.249735801601 1.2648693244025084
7140.257853973374 1.299390858252433
7150.265972145147 1.330159716986393
7160.274090316921 1.37193142032224
7170.282208488694 1.3729474701347812
7180.290326660467 1.3551642788735712
7190.29844483224 1.3353286054661444
7200.306563004013 1.4019612865803883
7210.314681175787 1.4018029118377258
7220.322799347559 1.3672165054030458
7230.3309175193335 1.3915190218638946
7240.339035691106 1.3240799504932186
7250.34715386288 1.3405662795447928
7260.355272034652 1.3989602730399564
7270.363390206427 1.391406580936962
7280.371508378199 1.359446403390035
7290.379626549972 1.3275961773601694
7300.387744721746 1.3484796999250108
7310.395862893519 1.32646289135743
7320.403981065292 1.3764805694740045
7330.412099237065 1.2707977558117256
7340.420217408839 1.32742653743249
7350.428335580612 1.3531385424539792
7360.436453752385 1.2978302327065228
7370.444571924158 1.3004768692886426
7380.452690095932 1.415543043131708
7390.460808267704 1.2683933346596787
7400.468926439478 3.251088807065265
7410.477044611251 1.3262846322031214
7420.485162783025 1.6165041381749539
7430.493280954797 1.2782791809605338
7440.501399126571 1.2730769753833964
7450.509517298344 1.2023574062688593
7460.517635470118 1.2491213964192018
7470.52575364189 1.2344409286570015
7480.5338718136645 1.22968308054959
7490.541989985437 1.1877715178528088
7500.55010815721 1.1492207122762383
7510.558226328983 1.1554483941643807
7520.566344500756 1.1971872195869815
7530.57446267253 1.1708363330617857
7540.582580844302 1.1673257114218707
7550.5906990160765 1.1348446058980843
7560.598817187849 1.140634852883993
7570.606935359623 2.9157809822121266
7580.6150535313955 2.274597175641057
7590.62317170317 1.6940260280934742
7600.631289874942 0.8776874878270282
7610.639408046716 0.8084925740647674
7620.647526218489 1.0736341160027767
7630.655644390263 0.7700507164455046
7640.663762562035 0.7976883180903953
7650.671880733809 0.9515699779057752
7660.679998905582 0.9758873784566393
7670.688117077356 1.019760029678674
7680.696235249128 1.0735762899850807
7690.704353420901 1.0765939070731239
7700.712471592675 1.072079932926369
7710.720589764447 1.0994678290545223
7720.728707936221 1.070675275787287
7730.736826107994 1.0889297102669488
7740.744944279768 1.091141547493232
7750.75306245154 1.0796029027298841
7760.761180623314 1.1327421324671842
7770.769298795087 1.0552838218468383
7780.777416966861 1.0660990440700724
7790.785535138633 1.030736744077955
7800.7936533104075 1.0488108226398116
7810.80177148218 1.0735350291513295
7820.809889653954 1.0664426816477268
7830.818007825726 1.0612705259160264
7840.826125997501 1.0069095113770676
7850.834244169273 1.0354387249368548
7860.842362341046 1.060462268884029
7870.85048051282 1.0601282009793382
7880.858598684592 1.0259037096784196
7890.866716856366 1.0537130426396133
7900.8748350281385 1.0244522903246756
7910.882953199913 1.0437409944376919
7920.891071371685 0.9963894880435474
7930.899189543459 1.026407418372687
7940.907307715232 1.0239043882957977
7950.915425887006 1.0360873526512822
7960.923544058778 1.0467238584856937
7970.931662230552 1.037797066840576
7980.939780402325 1.0656890840677087
7990.947898574099 1.0539077778102148
8000.956016745871 1.0498142580780334
8010.964134917645 1.0420301367418894
8020.972253089418 0.9777671557639207
8030.980371261191 1.0242905034308105
8040.988489432964 1.0372883272849815
8050.996607604737 0.9921876557383823
8061.004725776511 0.963707300426233
8071.012843948283 0.9759761844056057
8081.020962120057 1.0379711953266066
8091.02908029183 1.0164629745415146
8101.037198463604 1.0413010988726326
8111.045316635376 1.0147822474174173
8121.053434807151 1.02590708823473
8131.061552978923 1.0096519613735526
8141.069671150697 1.0172601876598617
8151.0777893224695 1.0274949829184146
8161.085907494244 0.9897888795994882
8171.094025666016 0.9520926106799368
8181.10214383779 0.9207191252705582
8191.1102620095635 0.9289655649690932
8201.118380181337 0.964865712902004
8211.12649835311 0.8780686059022361
8221.134616524881 0.8846145131843536
8231.142734696656 0.8124395653665145
8241.150852868428 0.84024417569026
8251.158971040202 0.85923233053307
8261.167089211975 0.8117473173828276
8271.175207383749 0.8248020993020726
8281.183325555521 0.7574403263208064
8291.191443727295 0.7366081024523632
8301.199561899068 0.7060004515278504
8311.207680070842 0.7536308172892942
8321.215798242614 0.7639532475931585
8331.223916414388 0.7335136648548448
8341.23203458616 0.759452604921113
8351.240152757935 0.7618719885593701
8361.248270929707 0.7377613365699488
8371.256389101482 0.7316242003153908
8381.264507273254 0.765028785247038
8391.272625445026 0.7578309032683102
8401.2807436168 0.7537634324286242
8411.288861788573 0.7916008695106767
8421.296979960347 0.7996072311820723
8431.30509813212 0.8629057725913192
8441.313216303894 0.8148043466094836
8451.321334475666 0.8097308438182024
8461.32945264744 0.7651960599473794
8471.337570819212 0.8003706177642015
8481.345688990987 0.8006863086939131
8491.353807162759 0.8641516825493145
8501.361925334533 0.8382715334725325
8511.370043506306 0.8585286790018475
8521.37816167808 0.8755226141240174
8531.386279849852 0.86831331173341
8541.394398021626 0.8809166261825692
8551.402516193399 0.9075460487722622
8561.410634365171 0.914591116713179
8571.418752536945 0.9527387431458291
8581.426870708718 0.936542867520539
8591.434988880492 0.9360014962974668
8601.443107052264 0.9152135490529699
8611.451225224038 0.931099563319675
8621.45934339581 0.9501442176394006
8631.467461567585 0.9569448518558862
8641.475579739357 0.9730377413141713
8651.483697911131 0.942317014676754
8661.491816082904 0.9145316809503012
8671.499934254678 1.0079852071430973
8681.50805242645 0.9426558434359442
8691.516170598225 0.9862189137766522
8701.524288769997 0.9537033753397045
8711.532406941771 1.001200837906345
8721.540525113543 0.9904787524714174
8731.548643285318 0.9845665059925417
8741.55676145709 1.0023859398039956
8751.564879628862 0.9636949329602981
8761.572997800637 0.9485996256895278
8771.581115972409 0.9555851236992536
8781.589234144183 1.01431296077062
8791.597352315956 0.9457886224082577
8801.60547048773 0.23222089689110237
8811.613588659502 0.9322229984362174
8821.621706831276 0.9320603044606299
8831.629825003049 1.1441505248066448
8841.637943174823 0.9816441330157392
8851.646061346595 0.9726449693077536
8861.65417951837 1.3991504913081019
8871.662297690142 1.0366075886724104
8881.670415861916 0.9376560559169336
8891.678534033688 0.7359579966738703
8901.686652205462 0.6598774755193769
8911.694770377235 0.5732442921619357
8921.702888549009 0.7466404475389127
8931.711006720781 0.8857454444815754
8941.719124892554 0.8328889837825311
8951.727243064328 0.7723558293334751
8961.7353612361 0.7952600107709277
8971.743479407874 0.7526181210483187
8981.751597579647 0.7902385280285567
8991.759715751421 0.762639375993522
9001.767833923193 0.6836724866691226
9011.775952094968 0.6958077430345981
9021.78407026674 0.658721875366921
9031.792188438514 0.6455622841443839
9041.800306610286 0.652832130660157
9051.80842478206 0.7189150775911479
9061.816542953833 0.6493686461299677
9071.824661125607 0.6266576165145455
9081.83277929738 0.6044176504539573
9091.840897469154 0.5783771751182794
9101.849015640926 0.6228420432747692
9111.857133812699 0.6005775520545078
9121.865251984473 0.6195097021615686
9131.873370156245 0.5929869638878876
9141.88148832802 0.5821511546687235
9151.889606499792 0.5744077243990885
9161.897724671566 0.5750178036188107
9171.905842843338 0.5905686506420398
9181.913961015112 0.5949941415705884
9191.922079186885 0.6260034613894868
9201.930197358659 0.6781580262638358
9211.938315530431 0.6489599210974888
9221.946433702205 0.642403101191537
9231.954551873978 0.6451690697413509
9241.962670045752 0.6521111945286285
9251.970788217524 0.6886348897811307
9261.978906389299 0.6947634817836644
9271.987024561071 0.7419143191780907
9281.995142732843 0.7706077554082124
9292.003260904617 0.8503170869498958
9302.01137907639 0.739467469950115
9312.019497248164 0.9779658659029865
9322.027615419936 0.8226407829960551
9332.03573359171 0.7507809543871807
9342.043851763483 0.6958905912768366
9352.051969935257 0.776353009288793
9362.06008810703 0.6157408751312773
9372.068206278804 0.6600602199561161
9382.076324450576 0.7951887963120003
9392.08444262235 0.8403610127150328
9402.092560794123 0.9043832566536276
9412.100678965897 0.9473535119507039
9422.10879713767 0.8120813573588529
9432.116915309443 0.8054748669343527
9442.125033481216 0.8507637213239183
9452.133151652988 0.8307627273042716
9462.141269824762 0.7787194053936101
9472.149387996535 0.883082544116602
9482.157506168309 0.7824921639949695
9492.165624340081 0.9999980668141321
9502.173742511855 0.762412414563132
9512.181860683628 1.0176646337083957
9522.189978855402 0.9910616416958519
9532.198097027174 0.9164290253281469
9542.206215198948 0.8922715916947738
9552.21433337072 0.9119361237056821
9562.222451542495 0.9157355608090401
9572.230569714267 0.8817448662754317
9582.238687886042 0.9101225709343087
9592.246806057814 0.8883838951030006
9602.254924229588 0.8504622776347417
9612.26304240136 0.9247351017989217
9622.271160573133 0.8878288398227842
9632.279278744907 0.9113049979400524
9642.28739691668 0.8975026760020444
9652.295515088454 0.8846188295730346
9662.303633260226 0.8919428468823588
9672.311751432 0.8904339351474729
9682.319869603773 0.8849513351180465
9692.327987775547 0.8815384536440961
9702.336105947319 0.8620194135923821
9712.344224119093 0.9039517476869057
9722.352342290866 0.9509995985632507
9732.36046046264 0.9132084282678281
9742.368578634412 0.8614920253202598
9752.376696806186 0.8877186896790638
9762.384814977959 0.84319264288743
9772.392933149733 0.8711147321872976
9782.401051321505 0.8016109575306675
9792.40916949328 0.8086922012127598
9802.417287665052 0.8391228191678068
9812.425405836824 0.829207362254771
9822.433524008598 0.8315427870551912
9832.44164218037 0.8057625686990424
9842.449760352145 0.7582083851145432
9852.457878523917 0.8032337107038153
9862.465996695692 0.77260997911855
9872.474114867464 0.785559453272828
9882.482233039238 0.7725096062063453
9892.49035121101 0.7626230228815633
9902.498469382785 0.77800796217176
9912.506587554557 0.7842731665945047
9922.514705726331 0.7317326712878551
9932.522823898104 0.7168005442701485
9942.530942069878 0.7363821662630559
9952.53906024165 0.7187194894155634
9962.547178413424 0.7193616689701049
9972.555296585197 0.7449816532459203
9982.56341475697 0.7316210161638054
9992.571532928743 0.7272782384486757
10002.579651100516 0.7505403253158021
10012.58776927229 0.7911431568663871
10022.595887444062 0.8606332451316219
10032.604005615836 0.7966650095627126
10042.612123787609 0.775219509590282
10052.620241959383 0.6087014852952161
10062.628360131155 0.17270915569312276
10072.63647830293 0.8399595836177663
10082.644596474702 0.8068019633394408
10092.652714646476 0.6770629888392162
10102.660832818248 0.7728925651161455
10112.668950990022 0.7991461017690387
10122.677069161795 0.8207898872692344
10132.685187333569 0.7308729520938891
10142.693305505341 0.7958464161097861
