3405.605923836389 4.50524728660835
3415.6177715091676 4.376727655653548
3425.6296191819465 4.08582335132289
3435.641466854725 4.594756303325475
3445.6533145275034 4.331195328299449
3455.665162200282 4.084746371175225
3465.6770098730603 3.651082365048404
3475.6888575458393 4.309296731963574
3485.7007052186177 3.803654552634413
3495.712552891396 4.042325319803272
3505.724400564175 4.408438737779267
3515.7362482369535 3.9455766032046142
3525.748095909732 4.0960546627257175
3535.7599435825105 3.909078942644824
3545.771791255289 4.326348917634952
3555.7836389280674 4.219309057403042
3565.7954866008463 3.692366604042266
3575.8073342736247 3.9239173357904433
3585.819181946403 3.968432515227302
3595.831029619182 4.05746287410102
3605.8428772919606 3.7049313724317012
3615.854724964739 3.9649622458626013
3625.8665726375175 3.866598059042445
3635.878420310296 3.7787045125468186
3645.8902679830744 3.816219321023849
3655.9021156558533 3.8397932198116482
3665.913963328632 3.844759294936997
3675.9258110014102 3.901540081611162
3685.937658674189 3.8673160458075553
3695.9495063469676 3.604772218698769
3705.961354019746 3.634807998372563
3715.9732016925245 3.719410772194766
3725.985049365303 3.622362894443979
3735.9968970380814 3.915780152452523
3746.0087447108604 3.9483288858042047
3756.020592383639 3.763925951631625
3766.0324400564173 3.706427178192349
3776.044287729196 3.561214354948724
3786.0561354019746 3.980518625773332
3796.067983074753 3.7106752665525864
3806.0798307475316 3.563727308626611
3816.09167842031 3.656108272404179
3826.1035260930885 3.582514628980339
3836.1153737658674 3.4651237928847514
3846.127221438646 3.4609355367549393
3856.1390691114243 3.3547931599794176
3866.150916784203 3.6392954156545048
3876.1627644569817 3.500783802218579
3886.17461212976 3.6251151770435697
3896.1864598025386 3.5644452953917214
3906.198307475317 3.452798353417019
3916.2101551480955 3.4975528617755813
3926.2220028208744 3.3198511374107
3936.233850493653 3.243146218004715
3946.245698166432 3.474816614213745
3956.2575458392103 3.2802422008687637
3966.2693935119887 3.267079110175069
3976.281241184767 3.4813981595605923
3986.2930888575456 3.1902545263082316
3996.304936530324 3.3288259719745836
4006.3167842031025 3.370588868811852
4016.3286318758815 3.32320174231455
4026.34047954866 3.3188938217238864
4036.352327221439 3.2262735290246147
4046.3641748942173 3.1189345076405757
4056.3760225669957 3.070709729917312
4066.387870239774 3.2245982265726902
4076.3997179125527 3.255950315315854
4086.411565585331 3.200665334402336
4096.42341325811 3.3179365060370722
4106.435260930888 3.5393157586128496
4116.447108603667 3.41133461773188
4126.458956276446 3.3387581222252805
4136.470803949224 3.276173609199804
4146.482651622003 3.3174578481936647
4156.494499294781 3.1719458637979105
4166.50634696756 3.246736151830268
4176.518194640338 3.062213553196836
4186.530042313117 3.1878612370911963
4196.541889985895 2.989337896538107
4206.553737658674 2.9809613842784835
4216.565585331453 2.913350963897232
4226.577433004231 2.8843921643711035
4236.58928067701 2.9085643854631615
4246.601128349788 2.8344920841959143
4256.612976022567 2.64302894683308
4266.624823695345 2.6536790838488877
4276.636671368124 2.5088850862182444
4286.648519040903 2.5234841504421603
4296.6603667136815 2.5747603719171446
4306.67221438646 2.63896035516412
4316.684062059238 2.8031399954527507
4326.695909732017 2.7716682422487344
4336.707757404795 2.8214486579630713
4346.719605077574 2.9165819043402297
4356.731452750352 2.947335670779135
4366.743300423131 2.9827563511912594
4376.75514809591 3.007287565665873
4386.7669957686885 3.019134347290198
4396.778843441467 2.9175392200270442
4406.790691114245 2.9892182320772553
4416.802538787024 2.782438043725394
4426.814386459802 2.80984120526045
4436.826234132581 2.842629267533835
4446.838081805359 2.8371247023346537
4456.849929478139 2.786745964316058
4466.861777150917 2.809123218495339
4476.8736248236955 2.7932078452020535
4486.885472496474 2.805174291287231
4496.897320169252 2.702203022724281
4506.909167842031 2.6141898117678033
4516.921015514809 2.6986729211291536
4526.932863187588 2.674500700037096
4536.944710860366 2.7003482235810785
4546.956558533145 2.5486136872210325
4556.968406205924 2.5074491126880227
4566.980253878703 2.5468187203082557
4576.992101551481 2.4620962820252013
4587.0039492242595 2.475977359484007
4597.015796897038 2.5617767779147274
4607.027644569816 2.493687699690069
4617.039492242595 2.7235631289863225
4627.051339915373 2.4693958141371595
4637.063187588153 2.4896191080211088
4647.075035260931 2.4397190278459204
4657.08688293371 2.344944774851317
4667.098730606488 2.4147091555278997
4677.1105782792665 2.3218495339069247
4687.122425952045 2.4137518398410855
4697.134273624823 2.2910957674680197
4707.146121297602 2.4070506300333863
4717.15796897038 2.2654875728457404
4727.169816643159 2.262495961324446
4737.181664315938 2.202424401976857
4747.193511988717 2.3267557768018476
4757.205359661495 2.199372958225137
4767.217207334274 2.187705673292089
4777.229055007052 2.1141120298682496
4787.2409026798305 2.0846745724987135
4797.252750352609 1.9918747831081645
4807.264598025387 1.9960032070075509
4817.276445698167 2.2142711836011824
4827.288293370945 2.368997331482523
4837.300141043724 2.393648210417988
4847.311988716502 2.5439467732478134
4857.323836389281 2.677013653714983
4867.335684062059 2.9196931803223762
4877.3475317348375 2.735409910610648
4887.359379407616 2.727153062811875
4897.371227080394 2.7802242511996362
4907.383074753173 2.6691157992987664
4917.394922425952 2.6620555961085115
4927.406770098731 2.7082460779972957
4937.418617771509 2.766702167123386
4947.430465444288 2.492730384003255
4957.442313117066 2.5392798592745938
4967.4541607898445 2.3563128986322353
4977.466008462623 2.3064128184570465
4987.477856135402 2.2939078822980363
4997.489703808181 2.3960414996350234
5007.501551480959 2.4074096234159414
5017.513399153738 2.2282719255208394
5027.525246826516 2.3517656491198675
5037.537094499295 2.3010279177187165
5047.548942172073 2.295044694676128
5057.560789844852 2.1970395012385273
5067.57263751763 2.1585075448442566
5077.5844851904085 2.3679801835652827
5087.596332863188 2.3061734895353427
5097.608180535966 2.1679610372515468
5107.620028208745 2.1457034475331174
5117.631875881523 2.0650496009190227
5127.643723554302 2.152524321801668
5137.65557122708 2.0442279847308145
5147.667418899859 1.9622578290473511
5157.679266572637 2.095564038436225
5167.691114245416 2.054997786207474
5177.702961918195 2.0344154989409695
5187.714809590973 2.0103629423097633
5197.726657263752 1.8909378103796952
5207.73850493653 1.9117594265679037
5217.750352609309 1.8774157263034452
5227.762200282087 1.925760168487561
5237.774047954866 1.8495339069249823
5247.785895627644 1.99121662857348
5257.797743300423 1.9213325834360455
5267.809590973202 1.9376667823423124
5277.82143864598 1.8842366005719962
5287.833286318759 1.8404394079002477
5297.845133991537 1.938444601337849
5307.856981664316 1.8504313903813705
5317.868829337094 1.8670049182093411
5327.880677009873 1.8585087414888652
5337.892524682651 1.9017674440867804
5347.9043723554305 1.8029844316536432
5357.916220028209 1.9085284861249057
5367.928067700987 1.8762190816949273
5377.939915373766 1.6050594134048128
5387.951763046544 1.7839577823782113
5397.963610719323 1.7468617995141624
5407.975458392101 1.6072133737001448
5417.98730606488 1.7968815441502028
5427.999153737658 1.649095934998265
5438.011001410437 1.8168056768820229
5448.022849083215 1.6116409587516602
5458.034696755994 1.8741847858604475
5468.046544428773 1.7786327138703077
5478.058392101551 1.7947275838548709
5488.07023977433 1.700312324242823
5498.082087447108 1.6033242787224622
5508.093935119888 1.6197781420895807
5518.105782792666 1.3721923725872653
5528.117630465445 1.4646930008256849
5538.129478138223 1.7232879007263633
5548.1413258110015 1.6020678018835186
5558.15317348378 1.663096676917922
5568.165021156558 1.5618605430373234
5578.176868829337 1.5965632366843372
5588.188716502115 1.6136154223557146
5658.271650211565 1.5668864503930977
5668.283497884344 1.5474409755046847
5678.295345557122 1.4950877738820347
5688.307193229902 1.5099859992580804
5698.31904090268 1.4527265547405077
5708.330888575459 1.4694197470293298
5718.342736248237 1.4632570272954635
5728.354583921016 1.5491761101870356
5738.366431593794 1.5343975492718418
5748.3782792665725 1.437888161594888
5758.390126939351 1.4904208599088158
5768.401974612129 1.4460253449328084
5778.413822284908 1.3897232161020499
5788.425669957686 1.3370110210968444
5798.437517630465 1.267007311498558
5808.449365303244 1.4517094068232674
5818.461212976023 1.4508119233668793
5828.473060648801 1.464094678521426
5838.4849083215795 1.5077722067323225
5848.496755994358 1.526439862625199
5858.508603667137 1.5534840307776991
5868.520451339916 1.647480464776766
5878.532299012694 1.7151507173884428
5888.544146685473 1.5783742386348678
5898.555994358251 1.643830698720787
5908.56784203103 1.6456256656335635
5918.579689703808 1.6852346021754998
5928.5915373765865 1.5119604628621346
5938.603385049365 1.6457453300944154
5948.615232722143 1.6256417006713177
5958.627080394922 1.5104048248710615
5968.6389280677 1.5620998719590269
5978.650775740479 1.5780152452523124
5988.662623413258 1.4693599147989038
5998.674471086037 1.5161487189919465
6008.686318758815 1.3213948089556884
6018.698166431594 1.2320652889298407
6028.710014104372 0.9884164801895485
6038.721861777151 1.4590687711656514
6048.73370944993 1.4596670934699105
6058.745557122708 1.383799825289887
6068.757404795487 1.4721121973984945
6078.769252468265 1.4636758529084448
6088.781100141044 1.4358538657604079
6098.792947813822 1.3511314274773536
6108.804795486601 1.2490576423707924
6118.816643159379 1.2934531573467998
6128.8284908321575 1.3505331051730947
6138.840338504936 1.381645864994555
6148.852186177714 1.3480201514952075
6158.864033850494 1.2862732896956934
6168.875881523272 1.3290533344502018
6178.887729196051 1.2805293955748083
6188.899576868829 1.2998552060023694
6198.911424541608 1.2354158938336903
6208.923272214386 1.2866322830782486
6218.9351198871655 1.2200988428446635
6228.946967559944 1.3681836131487308
6238.958815232722 1.274905165914775
6248.970662905501 1.2426555937152224
6258.982510578279 1.3169073916737468
6268.994358251058 1.163449687077435
6279.006205923836 1.2219117594265678
6289.018053596615 1.2302703220170643
6299.029901269393 1.2953677887204278
6309.041748942172 1.2597077793865998
6319.05359661495 1.2388263309679657
6329.0654442877285 1.1912118419950457
6339.077291960508 1.1180130912920172
6349.089139633286 1.1226560723730659
6359.100987306065 1.1514234087618318
6369.112834978843 1.163856546244331
6379.124682651622 1.1335335718644919
6389.136530324401 1.1411741476898776
6399.1483779971795 1.0519583089018394
6409.160225669958 1.0582347098735148
6419.172073342736 0.9914559574951834
6429.183921015515 1.053430181770316
6439.195768688293 1.0284562087905513
6449.207616361072 1.0423432694723993
6459.21946403385 1.0667368698170332
6469.231311706629 1.1125504086541338
6479.243159379407 1.098148790790623
6489.255007052186 1.3217538023382436
6499.266854724964 1.2101666925939665
6509.278702397743 1.404382112556392
6519.290550070522 1.4715138750942358
6529.3023977433 1.655318486962557
6539.314245416079 1.6358730120741443
6549.326093088857 1.6429930474948247
6559.337940761636 1.7247238742565845
6569.349788434415 1.6688405710388072
6579.361636107194 1.6788325535199302
6589.373483779972 1.6742254717771368
6599.3853314527505 1.648617277154858
6609.397179125529 1.7073725274330778
6619.409026798307 1.6848756087929446
6629.420874471086 1.6876278913925353
6639.432722143864 1.6088886761520695
6649.444569816643 2.2666842174542583
6659.456417489421 1.606435554704608
6669.4682651622 1.679969365898022
6679.480112834978 1.5644931611760624
6689.4919605077575 1.4582909521701148
6699.503808180536 1.5543216820036618
6709.5156558533145 1.5392439599363386
6719.527503526093 1.4153912429547548
6729.539351198871 1.4097670132947215
6739.55119887165 1.3532853877726854
6749.563046544429 1.4434525590244953
6759.574894217208 1.336173369870882
6769.586741889986 1.329890985676164
6779.598589562765 1.329352495602331
6789.610437235543 1.2725118766977397
6799.6222849083215 1.2305096509387676
6809.6341325811 1.2964447688680938
6819.645980253878 1.24080079457202
6829.657827926657 1.1728672801464695
6839.669675599435 1.160829035384781
6849.681523272214 1.207019517273565
6859.693370944992 1.0970359113047017
6869.705218617772 1.0853087941412278
6879.71706629055 1.066389842880563
6889.7289139633285 1.0362224322998312
6899.740761636107 1.0822573503895079
6909.752609308885 1.073414146732562
6919.764456981665 1.0013342587384972
6929.776304654443 0.9961348379144879
6939.788152327222 0.9769765577321192
6949.8 0.9937654815896227
6959.811847672779 1.0022137925257577
6969.823695345557 0.9670922732657627
6979.835543018336 0.9909414003135207
6989.847390691114 1.0706738305790564
6999.8592383638925 1.0
7009.871086036671 1.0214199384924671
7019.882933709449 0.9751875740423852
7029.894781382228 1.0170282527792072
7039.906629055006 1.0325726662438521
7049.918476727786 0.9798485047925617
7059.930324400564 0.9639989469527445
7069.942172073343 0.9536778872042792
7079.954019746121 0.9362547417042613
7089.9658674188995 0.9210693216221714
7099.977715091679 1.0053310517309464
7109.989562764457 0.9508777388203478
7120.001410437236 0.9569148108703197
7130.013258110014 0.8706546842653201
7140.025105782793 0.9457800327880622
7150.036953455571 1.0008256847798773
7160.04880112835 0.9250541481685354
7170.060648801128 0.9282850886115332
7180.0724964739065 0.8845477281702107
7190.084344146685 0.8562829825170223
7200.0961918194635 0.8792106932162217
7210.108039492242 0.8755489607141576
7220.119887165021 0.8858879701317506
7230.1317348378 0.8846434597388921
7240.143582510578 0.8817475797862793
7250.155430183357 0.9059198008783371
7260.167277856135 0.9170844950758075
7270.179125528914 0.8550504385702491
7280.190973201693 0.9083968552179688
7290.202820874471 0.9038974714899422
7300.21466854725 0.8943362810678857
7310.226516220028 0.8882214271183602
7320.238363892807 0.8675673411753443
7330.250211565585 0.8258882094606723
7340.262059238364 0.8477628729043761
7350.273906911142 0.8440173752797158
7360.285754583921 0.8842605334641664
7370.297602256699 0.8374059138176553
7380.3094499294775 0.8592147618078907
7390.321297602256 0.8845118288319552
7400.333145275035 0.8491509806502566
7410.344992947814 0.7823303457106274
7420.356840620592 0.8294661768401403
7430.368688293371 0.856157334833128
7440.380535966149 0.8135986693311954
7450.392383638929 0.8033494082592411
7460.404231311707 0.8151423408761831
7470.4160789844855 0.8059640767288524
7480.427926657264 0.7989517393229384
7490.439774330042 0.8028049349623655
7500.451622002821 0.8221905776203525
7510.463469675599 0.7821448657963072
7520.475317348378 0.7725178599207821
7530.487165021156 0.7674919525650078
7540.499012693935 0.7505474649083969
7550.510860366713 0.7675577680184762
7560.522708039492 0.7550348821903382
7570.53455571227 0.7805533284669786
7580.5464033850485 0.794260892457549
7590.558251057827 0.6675840941998635
7600.570098730606 0.703208204195436
7610.581946403386 0.7420213720727081
7620.593794076164 0.7468019672837364
7630.605641748943 0.7129249584165999
7640.617489421721 0.7287924659255448
7650.6293370944995 0.7343867794703651
7660.641184767278 0.7417640934818768
7670.653032440056 0.7704656144171742
7680.664880112835 0.7530305024710711
7690.676727785613 0.7553938755728936
7700.688575458392 0.6951847020953247
7710.70042313117 0.772314430337334
7720.712270803949 0.7374382232220853
7730.724118476727 0.7220792896717604
7740.735966149506 0.7121770555362762
7750.747813822284 0.7690356241099955
7760.759661495063 0.7175021240441802
7770.771509167842 0.6912058587720034
7780.783356840621 0.7080725645290604
7790.7952045134 0.687735589407302
7800.807052186178 0.7418957243888137
7810.818899858957 0.7129608577548554
7820.830747531735 0.6591836490480691
7830.842595204514 0.675852908444721
7840.854442877292 0.7166106238108344
7850.8662905500705 0.6854380317589479
7860.878138222849 0.7223545179317195
7870.889985895627 0.7358407026697141
7880.901833568406 0.6918101642993048
7890.913681241184 0.7137386767503919
7900.925528913963 0.6934675170821017
7910.937376586741 0.7770531429870643
7920.94922425952 0.7344645613699188
7930.961071932298 0.7033039357641174
7940.972919605077 0.714624193760695
7950.984767277856 0.6878193545298981
7960.996614950635 0.726812019098448
7971.008462623414 0.735565474409755
7981.020310296192 0.6449974272140917
7991.032157968971 0.6486172771548578
8001.044005641749 0.7282240597364988
8011.055853314528 0.6701449136620915
8021.067700987306 0.6551389902712793
8031.079548660085 0.6611461462060383
8041.091396332863 0.6815250038890949
8051.1032440056415 0.658824655665514
8061.11509167842 0.6662498354613664
8071.126939351198 0.6473548170928716
8081.138787023977 0.6327258367537425
8091.150634696755 0.6749314920961623
8101.162482369534 0.681118144722199
8111.174330042312 0.6856055620041404
8121.186177715091 0.6812856749673915
8131.19802538787 0.6122452642789618
8141.209873060649 0.6762837005037874
8151.221720733428 0.5730970359113047
8161.233568406206 0.5626981942632857
8171.245416078985 0.6665190804982829
8181.257263751763 0.653224358897651
8191.269111424542 0.5875644692282839
8201.28095909732 0.5928297055057619
8211.2928067701 0.6626000694053873
8221.304654442876 0.5448083573659459
8231.316502115656 0.6055560209173477
8241.328349788433 0.6432563093086984
8251.340197461213 0.6142616104443142
8261.35204513399 0.6472291694089772
8271.36389280677 0.6152847415845968
8281.375740479547 0.6369021264374694
8291.387588152327 0.5747723383632295
8301.399435825106 0.5790204267234674
8311.411283497884 0.6098818911771392
8321.423131170664 0.6261801907451506
8331.434978843441 0.6816566347960319
8341.446826516221 0.5948340852250291
8351.458674188998 0.5816530448622064
8361.470521861778 0.6290461545825505
8371.482369534555 0.6421793291610325
8381.494217207335 0.5774947048476073
8391.506064880112 0.6254861368722103
8401.517912552892 0.6163916378474756
8411.529760225669 0.6070338770088671
8421.541607898449 0.612664089891943
8431.553455571226 0.6297701245707038
8441.565303244006 0.5920818026254383
8451.577150916783 0.620663659099884
8461.588998589563 0.5965991360225926
8471.60084626234 0.6030849498007587
8481.61269393512 0.609247669534625
8491.6245416079 0.6138128687161201
8501.636389280677 0.5909150741321335
8511.648236953457 0.5989744755705003
8521.660084626234 0.6113058982612755
8531.671932299014 0.6305120442279848
8541.68377997179 0.5826103605490205
8551.69562764457 0.6271016070937092
8561.707475317347 0.5663240274270944
8571.719322990128 0.560382686945804
8581.731170662904 0.593511792932617
8591.743018335685 0.5498043486065073
8601.754866008461 0.560352770830591
8611.766713681242 0.5913219332990295
8621.778561354018 0.5276006078954611
8631.790409026798 0.5988667775557337
8641.802256699575 0.5766750032907726
8651.814104372355 0.5257278590831309
8661.825952045134 0.5343377170414159
8671.837799717912 0.575927100410449
8681.849647390693 0.5991539722617779
8691.86149506347 0.5262244665956658
8701.87334273625 0.58612251247502
8711.885190409026 0.5436835114339392
8721.897038081806 0.548559838213649
8731.908885754583 0.5578637500448742
8741.920733427363 0.5447126257972644
8751.93258110014 0.6021515670061148
8761.94442877292 0.5187035552311319
8771.956276445697 0.5451194849641604
8781.968124118477 0.5005983223042589
8791.979971791254 0.5339308578745199
8801.991819464034 0.5113322244426627
8812.00366713681 0.5853147773642706
8822.015514809591 0.5659829837136668
8832.02736248237 0.5694951356396664
8842.039210155148 0.5337992269675829
8852.051057827928 0.5140904902652961
8862.062905500705 0.48211614632570277
8872.074753173485 0.5096210226524824
8882.086600846262 0.5001136812378091
8892.098448519042 0.5469324015460649
8902.110296191819 0.5435638469730875
8912.122143864599 0.5317589479100602
8922.133991537376 0.5367429727045365
8932.145839210156 0.5066294111311882
8942.157686882932 0.5245730970359114
8952.169534555713 0.45267868895616686
8962.18138222849 0.5256261442914069
8972.19322990127 0.5055284980913519
8982.205077574046 0.5047327294266876
8992.216925246827 0.5498641808369333
9002.228772919603 0.496188686921871
9012.240620592383 0.4828341330908134
9022.252468265164 0.533942824320605
9032.26431593794 0.5506719159476827
9042.27616361072 0.5000059832230426
9052.288011283497 0.49435782067083894
9062.299858956278 0.4419926526021037
9072.311706629054 0.527457010542439
9082.323554301835 0.5185061088707265
9092.335401974611 0.4772458027690356
9102.347249647391 0.47509782569674636
9112.359097320168 0.4539351657951105
9122.370944992948 0.4813502937762514
9132.382792665725 0.48236744169349144
9142.394640338505 0.5365215934519607
9152.406488011282 0.4734524393600345
9162.418335684062 0.510398841648019
9172.430183356839 0.4590448382734812
9182.44203102962 0.4612406811301112
9192.453878702398 0.5278459200402071
9202.465726375176 0.5050797563631577
9212.477574047956 0.4356564194000024
9222.489421720733 0.4961288546914452
9232.501269393513 0.4705445929613364
9242.51311706629 0.4697428410736295
9252.52496473907 0.4549702633814784
9262.536812411847 0.42300190266492754
9272.548660084627 0.49477664628382023
9282.560507757404 0.4796151590939007
9292.572355430184 0.44708437541134655
9302.58420310296 0.4738473320808453
9312.59605077574 0.5691301590340685
9322.607898448518 0.4415618605430373
9332.619746121298 0.4340170162863331
9342.631593794074 0.5023992724400781
9352.643441466855 0.5189309177067503
9362.655289139633 0.43153397872365884
9372.667136812412 0.34000861584118136
9382.678984485192 0.45634042145823117
9392.690832157969 0.4036880586834516
9402.702679830749 0.4831033781277298
9412.714527503525 0.4738712649730157
9422.726375176306 0.4397668936302607
9432.738222849082 0.3536084818169852
9442.750070521863 0.4114542821927316
9452.76191819464 0.4507879904747089
9462.77376586742 0.41898117678030805
9472.785613540196 0.48154175691361417
9482.797461212976 0.4812007132001867
9492.809308885753 0.3829382411717544
9502.821156558533 0.4391506216568742
9512.83300423131 0.4255268227888999
9522.84485190409 0.3962927950028121
9532.856699576867 0.4719207342611318
9542.868547249647 0.4767611617025859
9552.880394922428 0.33496475881627913
9562.892242595204 0.496320317828808
9572.904090267984 0.38357246281426877
9582.915937940761 0.4113645338470927
9592.927785613541 0.4930295451553843
9602.939633286318 0.46910861943111515
9612.951480959098 0.46057654337238385
9622.963328631875 0.4088216640539926
9632.975176304655 0.40840882166405396
9642.987023977432 0.44244737755334046
9652.998871650212 0.4335024591046705
9663.010719322989 0.5239987076238227
9673.022566995769 0.46070219105627824
9683.034414668546 0.36308590711644545
9693.046262341326 0.3865521078894779
9703.058110014103 0.4162408606268025
9713.069957686883 0.4149664341187311
9723.081805359661 0.36484497469096655
9733.09365303244 0.3619251618461833
9743.10550070522 0.4013665681429272
9753.117348377997 0.4073438079624732
9763.129196050777 0.43200067012098076
9773.141043723554 0.4418909378103797
9783.152891396334 0.4199863582514629
9793.16473906911 0.38048511972429305
9803.17658674189 0.38500843634449006
9813.188434414667 0.4061052807926574
9823.200282087448 0.39993059461270597
9833.212129760224 0.37014012708365746
9843.223977433005 0.36759725729055726
9853.235825105781 0.36138667177235034
9863.247672778562 0.2901145188890351
9873.259520451338 0.3985724029820384
9883.271368124118 0.3694161570955042
9893.283215796897 0.3412650926801249
9903.295063469675 0.3499228164227506
9913.306911142456 0.26841935213660895
9923.318758815232 0.3671784316775761
9933.330606488013 0.3608362152524322
9943.34245416079 0.3262531860662702
9953.35430183357 0.2687723622961217
9963.366149506346 0.3746155779195137
9973.377997179126 0.38273481158830636
9983.389844851903 0.34028384410114043
9993.401692524683 0.37830722653679083
10003.41354019746 0.41413476611581124
10013.42538787024 0.3302080964974213
10023.437235543017 0.3561812677252983
10033.449083215797 0.31432263931934856
10043.460930888574 0.3407325858293346
10053.472778561354 0.42622087666184016
10063.48462623413 0.3561094690487872
10073.496473906911 0.5402012756231527
10083.508321579691 0.37104359376308826
10093.520169252468 0.36760922373664245
10103.532016925248 0.2889178742805174
10113.543864598025 0.32790455562602466
10123.555712270805 0.36854858975432886
10133.567559943582 0.34818768174039993
10143.579407616362 0.3339416276759965
10153.591255289139 0.28213289935022196
10163.603102961919 0.29141886151231944
10173.614950634696 0.47000610288750344
10183.626798307476 0.6333241590580014
10193.638645980252 0.5128220469802673
10203.650493653033 0.1818241650412244
10213.66234132581 0.24538394342264294
10223.67418899859 0.3733950004188256
10233.686036671366 0.2059904029102397
10243.697884344147 0.35298622662055595
10253.709732016925 0.3900582765924348
10263.721579689704 0.2769394617492551
10273.733427362484 0.49423815620998723
10283.74527503526 0.4879737216843969
10293.75712270804 0.28169014084507044
10303.768970380817 0.3018715521677217
10313.780818053598 0.21050175308435148
10323.792665726374 0.5563021288307585
10333.804513399155 0.09863941508011537
10343.816361071931 0.05149879737216844
10353.828208744711 0.2048775234243182
10363.840056417488 0.5539208060598083
10373.851904090268 0.47278231837926454
10383.863751763045 0.1590819342563452
10393.875599435825 0.370582885588809
10403.887447108602 0.2563691409288355
10413.899294781382 0.33272105017530845
10423.91114245416 0.6158651142197279
10433.92299012694 0.225226464992162
10443.93483779972 0.3195160769203155
10453.946685472496 -0.35411107255256263
10463.958533145276 -0.12335012624600619
10473.970380818053 -0.11439563464046812
10483.982228490833 0.5141144231574664
10493.99407616361 0.19599842042911675
