3405.605923836389 4.503388097103521
3415.6177715091676 4.374921502604618
3425.6296191819465 4.084137246341273
3435.641466854725 4.59286017595378
3445.6533145275034 4.329407965168089
3455.665162200282 4.083060710633181
3465.6770098730603 3.6495756655083937
3475.6888575458393 4.307518405770231
3485.7007052186177 3.8020848908213365
3495.712552891396 4.0406571652422505
3505.724400564175 4.406619498453975
3515.7362482369535 3.943948374132043
3525.748095909732 4.094364335568142
3535.7599435825105 3.907465775135613
3545.771791255289 4.324563554481678
3555.7836389280674 4.217567866605264
3565.7954866008463 3.690842867651896
3575.8073342736247 3.922298044891538
3585.819181946403 3.9667948541593145
3595.831029619182 4.055788472694867
3605.8428772919606 3.7034024509129617
3615.854724964739 3.963326016877687
3625.8665726375175 3.8650024222053427
3635.878420310296 3.77714514691722
3645.8902679830744 3.814644474082402
3655.9021156558533 3.838208644581736
3665.913963328632 3.8431726703468234
3675.9258110014102 3.8999300251789735
3685.937658674189 3.8657201126774035
3695.9495063469676 3.6032846300604655
3705.961354019746 3.6333080148083465
3715.9732016925245 3.7178758754328567
3725.985049365303 3.6208680466259575
3735.9968970380814 3.9141642195415147
3746.0087447108604 3.946699520941609
3756.020592383639 3.762372684700633
3766.0324400564173 3.704897639396422
3776.044287729196 3.5597447414221035
3786.0561354019746 3.978875977105674
3796.067983074753 3.7091439746894492
3806.0798307475316 3.5622566580743165
3816.09167842031 3.65459949881282
3826.1035260930885 3.5810362254265766
3836.1153737658674 3.4636938332446188
3846.127221438646 3.4595073054909298
3856.1390691114243 3.3534087307045923
3866.150916784203 3.637793580258727
3876.1627644569817 3.49933912669031
3886.17461212976 3.623619193435524
3896.1864598025386 3.562974348546377
3906.198307475317 3.451373480140906
3916.2101551480955 3.496109519566036
3926.2220028208744 3.318481127730961
3936.233850493653 3.241807862299121
3946.245698166432 3.4733826546174407
3956.2575458392103 3.2788885366889344
3966.2693935119887 3.2657308780344847
3976.281241184767 3.4799614839446655
3986.2930888575456 3.1889379975239676
3996.304936530324 3.327452258631723
4006.3167842031025 3.3691979210899325
4016.3286318758815 3.3218303499339124
4026.34047954866 3.3175242071015467
4036.352327221439 3.2249421362056894
4046.3641748942173 3.117647410632584
4056.3760225669957 3.0694425339258267
4066.387870239774 3.223267525104214
4076.3997179125527 3.2546066757175405
4086.411565585331 3.1993445093688506
4096.42341325811 3.3165672864721323
4106.435260930888 3.537855182024246
4116.447108603667 3.4099268553793887
4126.458956276446 3.337380310161899
4136.470803949224 3.274821624013923
4146.482651622003 3.316088826157425
4156.494499294781 3.170636890486414
4166.50634696756 3.245396314659426
4176.518194640338 3.0609498633397725
4186.530042313117 3.1865456959504312
4196.541889985895 2.98810428042559
4206.553737658674 2.979731224918213
4216.565585331453 2.912148705465811
4226.577433004231 2.883201856426021
4236.58928067701 2.907364102318738
4246.601128349788 2.8333223686177873
4256.612976022567 2.641938242734879
4266.624823695345 2.6525839847371153
4276.636671368124 2.507849739538166
4286.648519040903 2.5224427791367376
4296.6603667136815 2.5736978403497544
4306.67221438646 2.637871330059867
4316.684062059238 2.8019832180044615
4326.695909732017 2.770524452312458
4336.707757404795 2.8202843250420147
4346.719605077574 2.9153783125900845
4356.731452750352 2.9461193878100267
4366.743300423131 2.981525451098365
4376.75514809591 3.006046542227113
4386.7669957686885 3.017888435016118
4396.778843441467 2.9163352332194994
4406.790691114245 2.9879846653469135
4416.802538787024 2.7812898093933716
4426.814386459802 2.8086816624103634
4436.826234132581 2.841456193967811
4446.838081805359 2.835953900348678
4456.849929478139 2.785595952225737
4466.861777150917 2.8079639719383023
4476.8736248236955 2.7920551664742854
4486.885472496474 2.8040166743419674
4496.897320169252 2.7010878991405654
4506.909167842031 2.6131110087737657
4516.921015514809 2.697559254319599
4526.932863187588 2.6733970084268823
4536.944710860366 2.699233865421075
4546.956558533145 2.54756194565887
4556.968406205924 2.506414358594044
4566.980253878703 2.545767719478717
4576.992101551481 2.46108024377553
4587.0039492242595 2.474955592902041
4597.015796897038 2.5607196043133196
4607.027644569816 2.49265862454621
4617.039492242595 2.7224391906843777
4627.051339915373 2.468376763574816
4637.063187588153 2.488591711871198
4647.075035260931 2.4387122240629653
4657.08688293371 2.3439770817509253
4667.098730606488 2.41371267261951
4677.1105782792665 2.320891371566299
4687.122425952045 2.4127557519900957
4697.134273624823 2.2901502963463574
4707.146121297602 2.406057307584194
4717.15796897038 2.264552669509518
4727.169816643159 2.2615622925425978
4737.181664315938 2.2015155230468353
4747.193511988717 2.325795589792049
4757.205359661495 2.198465338540576
4767.217207334274 2.1868028683695866
4777.229055007052 2.1132395949833436
4787.2409026798305 2.083814285628846
4797.252750352609 1.9910527921149737
4807.264598025387 1.995179512329324
4817.276445698167 2.2133574158358402
4827.288293370945 2.3680197125649656
4837.300141043724 2.3926604187723903
4847.311988716502 2.542896957590474
4857.323836389281 2.675908925079095
4867.335684062059 2.918488304635682
4877.3475317348375 2.7342810834733826
4887.359379407616 2.7260276430446817
4897.371227080394 2.7790769304378506
4907.383074753173 2.668014329886425
4917.394922425952 2.660957040244493
4927.406770098731 2.707128460613745
4937.418617771509 2.76556042654737
4947.430465444288 2.4917017039167955
4957.442313117066 2.5382319695220774
4967.4541607898445 2.355340514225223
4977.466008462623 2.30546102641699
4987.477856135402 2.2929612506952624
4997.489703808181 2.3950527203459266
5007.501551480959 2.406416152820224
5017.513399153738 2.2273523800410278
5027.525246826516 2.350795141235504
5037.537094499295 2.300078347876533
5047.548942172073 2.294097593942692
5057.560789844852 2.196132844506378
5067.57263751763 2.157616789172443
5077.5844851904085 2.367002984396213
5087.596332863188 2.305221796259636
5097.608180535966 2.1670663803879116
5107.620028208745 2.1448179757540236
5117.631875881523 2.064197412725848
5127.643723554302 2.1516360352386017
5137.65557122708 2.0433843890360817
5147.667418899859 1.9614480601424613
5157.679266572637 2.0946992577884367
5167.691114245416 2.054149746116995
5177.702961918195 2.0335759525845827
5187.714809590973 2.0095333217705424
5197.726657263752 1.8901574732510777
5207.73850493653 1.9109704969408443
5217.750352609309 1.8766409693605974
5227.762200282087 1.9249654611460318
5237.774047954866 1.8487706560288988
5247.785895627644 1.9903949091822515
5257.797743300423 1.9205397032349898
5267.809590973202 1.9368671614743755
5277.82143864598 1.883459028845176
5287.833286318759 1.8396799100494607
5297.845133991537 1.9376446594857748
5307.856981664316 1.849667769118975
5317.868829337094 1.8662344575157144
5327.880677009873 1.8577417869296602
5337.892524682651 1.9009826378713297
5347.9043723554305 1.8022403904236166
5357.916220028209 1.90774088981657
5367.928067700987 1.875444818573829
5377.939915373766 1.6043970502921596
5387.951763046544 1.7832215929140025
5397.963610719323 1.7461409185241892
5407.975458392101 1.6065501217083424
5417.98730606488 1.796140021411099
5427.999153737658 1.6484153992452288
5438.011001410437 1.8160559320107892
5448.022849083215 1.6109758796193847
5458.034696755994 1.8734113622363233
5468.046544428773 1.7778987219128841
5478.058392101551 1.7939869499949161
5488.07023977433 1.6996106529189068
5498.082087447108 1.602662631651346
5508.093935119888 1.6191097049694083
5518.105782792666 1.371626107187072
5528.117630465445 1.4640885630042522
5538.129478138223 1.7225767480248557
5548.1413258110015 1.6014066733252392
5558.15317348378 1.6624103634504164
5568.165021156558 1.5612160068898284
5578.176868829337 1.5959043797061057
5588.188716502115 1.4323307596155568
5648.259802538787 1.4394478567968276
5658.271650211565 1.5662398401942546
5668.283497884344 1.5468023899092718
5678.295345557122 1.494470792988164
5688.307193229902 1.5093628702834279
5698.31904090268 1.4521270551365704
5708.330888575459 1.4688133586119865
5718.342736248237 1.4626531820601303
5728.354583921016 1.5485368085500857
5738.366431593794 1.5337643463334987
5748.3782792665725 1.437294785380645
5758.390126939351 1.489805804919768
5768.401974612129 1.4454286107306684
5778.413822284908 1.3891497162132258
5788.425669957686 1.3364592740560874
5798.437517630465 1.2664844530301487
5808.449365303244 1.4511103269678174
5818.461212976023 1.4502132138777413
5828.473060648801 1.463490487610868
5838.4849083215795 1.5071499913279065
5848.496755994358 1.5258099436014902
5858.508603667137 1.552842951382451
5868.520451339916 1.6468005956830916
5878.532299012694 1.7144429226748323
5888.544146685473 1.5777228877472291
5898.555994358251 1.6431523357834488
5908.56784203103 1.644946561963601
5918.579689703808 1.6845391530056277
5928.5915373765865 1.5113365190815953
5938.603385049365 1.6450661770422779
5948.615232722143 1.6249708438245725
5958.627080394922 1.5097815230587965
5968.6389280677 1.5614552370471821
5978.650775740479 1.5773640425111988
5988.662623413258 1.4687535510726482
5998.674471086037 1.5155230468352838
6008.686318758815 1.3208495062887626
6018.698166431594 1.231556850056518
6028.710014104372 0.9880085883626489
6038.721861777151 1.4584666543064417
6048.73370944993 1.4590647296998258
6058.745557122708 1.3832287698187231
6068.757404795487 1.4715046978822148
6078.769252468265 1.4630718348354992
6088.781100141044 1.435261329043139
6098.792947813822 1.3505738533399518
6108.804795486601 1.2485421912286263
6118.816643159379 1.2929193854177257
6128.8284908321575 1.3499757779465678
6138.840338504936 1.3810756984025403
6148.852186177714 1.3474638612943548
6158.864033850494 1.2857424806971167
6168.875881523272 1.328504871324079
6178.887729196051 1.2800009569206294
6188.899576868829 1.2993187921269356
6198.911424541608 1.234906072259469
6208.923272214386 1.286101325933147
6218.9351198871655 1.2195953421888361
6228.946967559944 1.3676190020513983
6238.958815232722 1.2743790482228188
6248.970662905501 1.2421427845194164
6258.982510578279 1.316363940838382
6268.994358251058 1.1629695639432305
6279.006205923836 1.22140751063079
6289.018053596615 1.2297626238763657
6299.029901269393 1.2948332266765545
6309.041748942172 1.2591879332308629
6319.05359661495 1.2383151020017582
6329.0654442877285 1.1907202621962523
6339.077291960508 1.1175517185696429
6349.089139633286 1.1221927836223033
6359.100987306065 1.1509482485362104
6369.112834978843 1.1633762552107318
6379.124682651622 1.133065794274026
6389.136530324401 1.1407032170475409
6399.1483779971795 1.0515241951400394
6409.160225669958 1.0577980060166385
6419.172073342736 0.99104681136104
6429.183921015515 1.052995460607764
6439.195768688293 1.0280317936879122
6449.207616361072 1.041913123568357
6459.21946403385 1.0662966573566264
6469.231311706629 1.112091290228046
6479.243159379407 1.097695615509291
6489.255007052186 1.3212083515247932
6499.266854724964 1.2096672906586603
6509.278702397743 1.403802563351136
6519.290550070522 1.470906622488831
6529.3023977433 1.6546353833364233
6539.314245416079 1.6351979330514403
6549.326093088857 1.642315030232711
6559.337940761636 1.7240121289689776
6569.349788434415 1.6681518872269037
6579.361636107194 1.678139746296418
6589.373483779972 1.6735345657673604
6599.3853314527505 1.6479369389305216
6609.397179125529 1.706667942560839
6619.409026798307 1.6841803077695974
6629.420874471086 1.686931454579164
6639.432722143864 1.6082247328098178
6649.444569816643 2.2657488202962863
6659.456417489421 1.605772623696943
6669.4682651622 1.6792760895438477
6679.480112834978 1.5638475386207185
6689.4919605077575 1.4576891562950423
6699.503808180536 1.553680256933189
6709.5156558533145 1.5386087570199096
6719.527503526093 1.414807150589403
6729.539351198871 1.4091852418915927
6739.55119887165 1.3527269247561344
6749.563046544429 1.442856886539117
6759.574894217208 1.3356219685053496
6769.586741889986 1.3293421768748168
6779.598589562765 1.328803909020771
6789.610437235543 1.2719867466492825
6799.6222849083215 1.2300018540337192
6809.6341325811 1.295909762384646
6819.645980253878 1.2402887507999256
6829.657827926657 1.1723832706350963
6839.669675599435 1.1603499937202082
6849.681523272214 1.20652141408946
6859.693370944992 1.0965831952775966
6869.705218617772 1.0848609175672683
6879.71706629055 1.0659497736284635
6889.7289139633285 1.0357948122940377
6899.740761636107 1.0818107330610096
6909.752609308885 1.0729711787467928
6919.764456981665 1.0009210361058114
6929.776304654443 0.9957237609373037
6939.788152327222 0.9765733868411451
6949.8 0.9933553823795027
6959.811847672779 1.001800206934086
6969.823695345557 0.9666931813424399
6979.835543018336 0.9905324665227296
6989.847390691114 1.0702319934450937
6999.8592383638925 0.9995873279785649
7009.871086036671 1.0209984270617154
7019.882933709449 0.9747851414149267
7029.894781382228 1.0166085536742762
7039.906629055006 1.0321465523943947
7049.918476727786 0.9794441487293887
7059.930324400564 0.9636011315586441
7069.942172073343 0.9532843310227687
7079.954019746121 0.9358683755674239
7089.9658674188995 0.9206892220833357
7099.977715091679 1.004916179733617
7109.989562764457 0.9504853381817311
7120.001410437236 0.9565199189009767
7130.013258110014 0.8702953894367923
7140.025105782793 0.9453897358300987
7150.036953455571 1.0004126720214348
7160.04880112835 0.9246724042032737
7170.060648801128 0.9279020113275478
7180.0724964739065 0.8841827000711708
7190.084344146685 0.8559296184877065
7200.0961918194635 0.8788478675621848
7210.108039492242 0.8751876461546741
7220.119887165021 0.8855223889523512
7230.1317348378 0.8842783921341123
7240.143582510578 0.8813837072301334
7250.155430183357 0.9055459531228506
7260.167277856135 0.9167060399633977
7270.179125528914 0.8546975831773354
7280.190973201693 0.9080219852514607
7290.202820874471 0.9035244582932123
7300.21466854725 0.8939672135069346
7310.226516220028 0.8878548829865492
7320.238363892807 0.8672093204069304
7330.250211565585 0.8255473885037947
7340.262059238364 0.8474130248859171
7350.273906911142 0.8436690729233327
7360.285754583921 0.8838956238823465
7370.297602256699 0.8370603398264383
7380.3094499294775 0.8588601879152885
7390.321297602256 0.8841468155475679
7400.333145275035 0.848800559798568
7410.344992947814 0.7820074998654329
7420.356840620592 0.8291238793562317
7430.368688293371 0.8558040226550958
7440.380535966149 0.8132629199236855
7450.392383638929 0.8030178884350161
7460.404231311707 0.8148059544386164
7470.4160789844855 0.8056314779041046
7480.427926657264 0.798622034293643
7490.439774330042 0.8024736398270366
7500.451622002821 0.821851282572681
7510.463469675599 0.7818220964934839
7520.475317348378 0.772199063413934
7530.487165021156 0.7671752301095076
7540.499012693935 0.7502377349688701
7550.510860366713 0.7672410184027798
7560.522708039492 0.7547233004192507
7570.53455571227 0.7802312159470822
7580.5464033850485 0.7939331232095117
7590.558251057827 0.6673086009222321
7600.570098730606 0.702918009844321
7610.581946403386 0.7417151606131468
7620.593794076164 0.7464937830062857
7630.605641748943 0.7126307542328785
7640.617489421721 0.7284917136654246
7650.6293370944995 0.7340837185935659
7660.641184767278 0.7414579881939917
7670.653032440056 0.7701476648146264
7680.664880112835 0.752719747851414
7690.676727785613 0.7550821456552812
7700.688575458392 0.6948978188190402
7710.70042313117 0.7719957177801833
7720.712270803949 0.7371339030998247
7730.724118476727 0.7217813077516552
7740.735966149506 0.7118831599911484
7750.747813822284 0.7687182646244385
7760.759661495063 0.7172060309922669
7770.771509167842 0.6909206174530361
7780.783356840621 0.7077803627925335
7790.7952045134 0.6874517801714084
7800.807052186178 0.7415895647805362
7810.818899858957 0.7126666387564816
7820.830747531735 0.6589116223991195
7830.842595204514 0.6755740028588003
7840.854442877292 0.7163148986561245
7850.8662905500705 0.6851551706608134
7860.878138222849 0.7220564224326118
7870.889985895627 0.7355370417994892
7880.901833568406 0.691524673600354
7890.913681241184 0.7134441367678809
7900.925528913963 0.6931813424400279
7910.937376586741 0.7767324748957852
7920.94922425952 0.7341614683947059
7930.961071932298 0.7030137019072623
7940.972919605077 0.7143292883500894
7950.984767277856 0.6875355107264821
7960.996614950635 0.7265120841133234
7971.008462623414 0.7352619271185324
7981.020310296192 0.6447312548219829
7991.032157968971 0.6483496109519565
8001.044005641749 0.7279235420417096
8011.055853314528 0.6698683636059161
8021.067700987306 0.6548686327398431
8031.079548660085 0.6608733096894194
8041.091396332863 0.6812437575880814
8051.1032440056415 0.6585527771630891
8061.11509167842 0.6659748927949857
8071.126939351198 0.6470876718719161
8081.138787023977 0.6324647285036751
8091.150634696755 0.6746529667529888
8101.162482369534 0.6808370663205804
8111.174330042312 0.685322631770961
8121.186177715091 0.6810045274307278
8131.19802538787 0.6119926077881377
8141.209873060649 0.6760046171420369
8151.221720733428 0.5728605347990168
8161.233568406206 0.5624659844620012
8171.245416078985 0.6662440267220086
8181.257263751763 0.6529547914810141
8191.269111424542 0.587321997811044
8201.28095909732 0.5925850612728241
8211.2928067701 0.6623266328953428
8221.304654442876 0.544583530199817
8231.316502115656 0.6053061248901035
8241.328349788433 0.6429908554272351
8251.340197461213 0.6140081218638421
8261.35204513399 0.6469620760393054
8271.36389280677 0.6150308307865289
8281.375740479547 0.6366392947494961
8291.387588152327 0.5745351459004922
8301.399435825106 0.5787814811935192
8311.411283497884 0.6096302099842705
8321.423131170664 0.6259217837000531
8331.434978843441 0.6813753341746259
8341.446826516221 0.5945886138406608
8351.458674188998 0.5814130129244092
8361.470521861778 0.628786564834363
8371.482369534555 0.6419143197191438
8381.494217207335 0.5772563889403899
8391.506064880112 0.6252280162437277
8401.517912552892 0.6161372702642894
8411.529760225669 0.6067833711117623
8421.541607898449 0.6124112605635065
8431.553455571226 0.6295102360603577
8441.565303244006 0.5918374670310939
8451.577150916783 0.6204075285730518
8461.588998589563 0.5963529362511437
8471.60084626234 0.6028360735154272
8481.61269393512 0.6089962500672834
8491.6245416079 0.6135595653188041
8501.636389280677 0.590671220013995
8511.648236953457 0.5987272955628785
8521.660084626234 0.6110536294205248
8531.671932299014 0.6302518495481539
8541.68377997179 0.5823699335538237
8551.69562764457 0.6268428198058646
8561.707475317347 0.5660903213459088
8571.719322990128 0.5601514326896048
8581.731170662904 0.5932668672212819
8591.743018335685 0.5495774597345741
8601.754866008461 0.5601215289199355
8611.766713681242 0.591077911281496
8621.778561354018 0.5273828818860905
8631.790409026798 0.5986196419920695
8641.802256699575 0.5764370256514535
8651.814104372355 0.5255109059047983
8661.825952045134 0.5341172108155954
8671.837799717912 0.5756894314097234
8681.849647390693 0.5989067181808938
8691.86149506347 0.5260073084813071
8701.87334273625 0.5858806361129882
8711.885190409026 0.5434591484602549
8721.897038081806 0.5483334629163352
8731.908885754583 0.5576335352834578
8741.920733427363 0.5444878381368754
8751.93258110014 0.6019030759017481
8761.94442877292 0.518489500786469
8771.956276445697 0.5448945294043767
8781.968124118477 0.5003917393826666
8791.979971791254 0.5337105195480941
8801.991819464034 0.5111212119399771
8812.00366713681 0.5850732343319198
8822.015514809591 0.5657494183716799
8832.02736248237 0.5692601209308445
8842.039210155148 0.5335789429615496
8852.051057827928 0.5138783395034777
8862.062905500705 0.481917190481032
8872.074753173485 0.5094107163148986
8882.086600846262 0.49990729831402536
8892.098448519042 0.5467066978463305
8902.110296191819 0.543339533381578
8912.122143864599 0.5315395058701099
8922.133991537376 0.5365214738969994
8932.145839210156 0.5064203393479783
8942.157686882932 0.5243566203955671
8952.169534555713 0.4524918811265347
8962.18138222849 0.525409233087923
8972.19322990127 0.5053198806241516
8982.205077574046 0.5045244403509506
8992.216925246827 0.5496372672739126
9002.228772919603 0.49598392373342576
9012.240620592383 0.4826348809530929
9022.252468265164 0.5337224810559619
9032.26431593794 0.550444669054981
9042.27616361072 0.49979964474321625
9052.288011283497 0.49415381302967043
9062.299858956278 0.4418102546006949
9072.311706629054 0.5272393437916784
9082.323554301835 0.5182921359066524
9092.335401974611 0.4770488567788855
9102.347249647391 0.47490176611663665
9112.359097320168 0.45374783945264135
9122.370944992948 0.48115165397750037
9132.382792665725 0.4821683821462533
9142.394640338505 0.5363001860014474
9152.406488011282 0.4732570587848304
9162.418335684062 0.5101882143262979
9172.430183356839 0.4588554033121415
9182.44203102962 0.4610503400058611
9192.453878702398 0.5276280927973779
9202.465726375176 0.5048713240791133
9212.477574047956 0.4354766361847574
9222.489421720733 0.4959241161940874
9232.501269393513 0.4703504123729837
9242.51311706629 0.469548991345849
9252.52496473907 0.45478250988319585
9262.536812411847 0.4228273416146839
9272.548660084627 0.4945724658050394
9282.560507757404 0.4794172353366865
9292.572355430184 0.4468998761983935
9302.58420310296 0.4736517885444639
9312.59605077574 0.5688952949408802
9322.607898448518 0.44137964031745835
9332.619746121298 0.433837909606885
9342.631593794074 0.5021919463167527
9352.643441466855 0.518716769435955
9362.655289139633 0.431355896724341
9372.667136812412 0.33986830379837685
9382.678984485192 0.4561521025340454
9392.690832157969 0.4035214679162455
9402.702679830749 0.4829040148801157
9412.714527503525 0.4736757115601992
9422.726375176306 0.43958541413730606
9432.738222849082 0.35346255748999716
9442.750070521863 0.411284486522371
9452.76191819464 0.45060196288344107
9462.77376586742 0.4188082749711428
9472.785613540196 0.48134303810338325
9482.797461212976 0.48100213512915435
9492.809308885753 0.3827802132736852
9502.821156558533 0.4389693964821205
9512.83300423131 0.42535121977476475
9522.84485190409 0.39612925605401816
9532.856699576867 0.47172598577776714
9542.868547249647 0.4765644157102443
9552.880394922428 0.3348265282321489
9562.892242595204 0.49611550031997026
9572.904090267984 0.3834141731906724
9582.915937940761 0.41119477521336334
9592.927785613541 0.49282608565635777
9602.939633286318 0.4689150314288619
9612.951480959098 0.46038647631920476
9622.963328631875 0.40865295479148095
9632.975176304655 0.4082402827700459
9642.987023977432 0.44226479189966683
9652.998871650212 0.4333235647685747
9663.010719322989 0.5237824680179183
9673.022566995769 0.46051207215181544
9683.034414668546 0.3629360717212011
9693.046262341326 0.38639258864972514
9703.058110014103 0.4160690896694437
9713.069957686883 0.41479518908153556
9723.081805359661 0.3646944133777504
9733.09365303244 0.36177580545803595
9743.10550070522 0.4012009353899152
9753.117348377997 0.40717570856982227
9763.129196050777 0.4318223955311806
9773.141043723554 0.44170858178381966
9783.152891396334 0.4198130416320281
9793.16473906911 0.3803281041608104
9803.17658674189 0.3848495541347942
9813.188434414667 0.4059376925055172
9823.200282087448 0.39976555444579337
9833.212129760224 0.36998738060919956
9843.223977433005 0.36744556018731717
9853.235825105781 0.3612375376039903
9863.247672778562 0.2899947967440775
9873.259520451338 0.39840792330281155
9883.271368124118 0.3692637093832048
9893.283215796897 0.3411242621244833
9903.295063469675 0.34977841306675117
9913.306911142456 0.26830858297997046
9923.318758815232 0.3670269074119483
9933.330606488013 0.36068730824207695
9943.34245416079 0.3261185505044766
9953.35430183357 0.2686614474620671
9963.366149506346 0.3744609845517126
9973.377997179126 0.38257686763993465
9983.389844851903 0.3401434184793335
9993.401692524683 0.3781511097288924
10003.41354019746 0.4139638642847317
10013.42538787024 0.3300718288547454
10023.437235543017 0.35603428168154877
10033.449083215797 0.3141929271603978
10043.460930888574 0.3405919750243716
10053.472778561354 0.4260449872310903
10063.48462623413 0.3559625126343427
10073.496473906911 0.5399783496707595
10083.508321579691 0.3708904744532095
10093.520169252468 0.36745752169518486
10103.532016925248 0.2887986459573093
10113.543864598025 0.32776923859021667
10123.555712270805 0.3683965000627979
10133.567559943582 0.3480439944259373
10143.579407616362 0.3338038193094621
10153.591255289139 0.28201647099633376
10163.603102961919 0.29129860110165484
10173.614950634696 0.46981214451893805
10183.626798307476 0.6330628038970593
10193.638645980252 0.5126104196695035
10203.650493653033 0.18174913129549108
10213.66234132581 0.24528268033468298
10223.67418899859 0.373240910749209
10233.686036671366 0.2059053964342745
10243.697884344147 0.3528405590808777
10253.709732016925 0.3898973104549559
10263.721579689704 0.2768251765817599
10273.733427362484 0.4940341979509937
10283.74527503526 0.4877723485822622
10293.75712270804 0.2815738952052296
10303.768970380817 0.3017469782240749
10313.780818053598 0.21041488490039054
10323.792665726374 0.5560725585067252
10333.804513399155 0.09859870935330108
10343.816361071931 0.05147754525935539
10353.828208744711 0.20479297620258008
10363.840056417488 0.5536922184410565
10373.851904090268 0.47258721434424017
10383.863751763045 0.15901628559296183
10393.875599435825 0.3704299564003038
10403.887447108602 0.25626334455721483
10413.899294781382 0.3325837455069586
10423.91114245416 0.6156109639181115
10433.92299012694 0.225133520331573
10443.93483779972 0.3193842215749717
10453.946685472496 -0.3539649408204398
10463.958533145276 -0.12329922310006397
10473.970380818053 -0.11434842676267769
10483.982228490833 0.5139022625192131
10493.99407616361 0.19591753736476017
