3405.3061354019746 4.373366437954
3415.318406205924 4.734989682766025
3425.3306770098734 4.575986847623681
3435.3429478138223 3.650992299820497
3445.3552186177717 4.10035397339328
3455.367489421721 2.855072220637823
3465.37976022567 4.344243318961902
3475.3920310296194 4.028317871462363
3485.4043018335688 3.835393984129913
3495.4165726375177 4.047073428509118
3505.428843441467 4.43852438390176
3515.4411142454164 3.791843513563388
3525.4533850493654 3.294938683755809
3535.4656558533147 3.569393883473972
3545.477926657264 4.360516029458639
3555.490197461213 3.2860809609287185
3565.5024682651624 4.138099951349629
3575.514739069112 4.242614370313207
3585.5270098730607 3.719706755691255
3595.53928067701 3.6535422503313257
3605.5515514809595 3.464845912529987
3615.5638222849084 3.2717878172759143
3625.5760930888578 3.3759331644550317
3635.588363892807 3.5571138586455064
3645.600634696756 3.290040094616585
3655.6129055007054 3.5278229797513796
3665.625176304655 3.539264205069704
3675.6374471086037 3.419282323139123
3685.649717912553 3.5280578436142194
3695.6619887165025 3.227801170964116
3705.6742595204514 3.050143434716234
3715.686530324401 3.680585146538274
3725.69880112835 3.4398496871277824
3735.711071932299 3.739032696404905
3745.7233427362485 3.6403227700515024
3755.735613540198 3.39327953832475
3765.7478843441468 3.437333288597359
3775.760155148096 3.3937828180308345
3785.7724259520455 3.3341273968696
3795.7846967559944 3.3323826938885066
3805.7969675599434 3.0216242513714375
3815.809238363893 3.1095304400342227
3825.821509167842 3.1339562817695317
3835.833779971791 3.135097049103323
3845.846050775741 3.2665537083326344
3855.85832157969 3.3827106644969716
3865.8705923836387 3.4628998976664596
3875.8828631875886 3.2939321243436397
3885.8951339915375 3.1891492895368145
3895.9074047954864 3.1737489305306243
3905.9196755994362 3.0618195238973978
3915.931946403385 3.1840158365347513
3925.944217207334 3.047425724303377
3935.956488011284 3.1198644499991612
3945.968758815233 3.1848881880252984
3955.9810296191818 3.2081061584660033
3965.9933004231316 2.930933248334983
3976.0055712270805 2.862789176131121
3986.0178420310294 2.9988089046955997
3996.0301128349793 3.061618212014964
4006.042383638928 3.0880236205942055
4016.054654442877 2.9627740777399385
4026.066925246827 3.0310859098458285
4036.079196050776 2.9564663054236777
4046.091466854725 2.9121441393078227
4056.1037376586746 3.0776560586488615
4066.1160084626235 2.8733244979784933
4076.1282792665725 2.7815933835494637
4086.1405500705223 2.9023805130097804
4096.152820874471 2.7979667499874177
4106.16509167842 2.957405760875036
4116.17736248237 2.8987568991259707
4126.189633286319 3.0534315287959872
4136.201904090269 2.8818467010015265
4146.214174894218 2.781190759784596
4156.226445698167 2.7967588786928146
4166.2387165021155 2.6486604371823046
4176.250987306065 2.8522203023033432
4186.263258110014 2.7276417990571895
4196.275528913964 2.714489422738177
4206.287799717913 2.5196195205422
4216.300070521862 2.7693804626818097
4226.312341325811 2.892046503044842
4236.32461212976 2.9614319985237127
4246.33688293371 2.6596654867553555
4256.349153737659 2.6605378382459026
4266.361424541608 2.6312805113321813
4276.373695345557 2.556258283145162
4286.385966149506 2.668858729386502
4296.398236953455 2.5092855105772616
4306.410507757405 2.5074065996745456
4316.422778561355 2.753443271989129
4326.435049365304 2.598332466573839
4336.447320169253 2.559546377224916
4346.459590973202 2.587998456608901
4356.4718617771505 2.744820413024879
4366.4841325811 2.4323172675267157
4376.49640338505 2.7759230988609103
4386.508674188999 2.3759499404452344
4396.520944992948 2.471975708366186
4406.533215796897 2.386283950410173
4416.545486600846 2.493180559982553
4426.557757404796 2.4337600026841586
4436.5700282087455 2.3052894697109494
4446.582299012694 2.3269640490529953
4456.594569816643 2.4313107081145464
4466.606840620592 2.6414803133754967
4476.619111424541 2.645976278749853
4486.631382228491 2.457749668674193
4496.643653032441 2.3361572916841418
4506.65592383639 2.270328306128269
4516.668194640339 2.4839202133905953
4526.680465444288 2.3009612642386217
4536.6927362482365 2.5155261789327117
4546.705007052186 2.233488231642873
4556.717277856136 2.1232364240299284
4566.729548660085 2.1794024392289755
4576.741819464034 2.1339395057793284
4586.754090267983 2.170880236205942
4596.766361071932 2.2985790736298206
4606.778631875882 2.2573101377308795
4616.790902679832 2.201613850257511
4626.8031734837805 2.2559345065342478
4636.815444287729 2.089483131741851
4646.827715091678 2.342129544196346
4656.839985895627 2.276434766562096
4666.852256699577 2.26046402388901
4676.864527503527 2.022010099146102
4686.876798307476 2.2289922662685164
4696.889069111425 2.1047828348068243
4706.901339915374 2.256706202083578
4716.913610719323 2.1936955828817797
4726.925881523272 2.1035414115318156
4736.938152327222 2.007146571826402
4746.950423131171 2.12853763693402
4756.96269393512 2.2055058799845657
4766.974964739069 2.1682631817343014
4776.987235543018 2.2273146672482342
4786.999506346968 2.0321427972286066
4797.011777150918 2.144776795450351
4807.024047954867 2.168128973812679
4817.0363187588155 2.0556627354929624
4827.048589562764 2.3099196430069284
4837.060860366713 2.121021993323156
4847.073131170663 2.078142562364744
4857.085401974613 2.205103256219698
4867.097672778562 2.0633796909862605
4877.109943582511 2.1912127363317615
4887.12221438646 2.0985421664513746
4897.134485190409 1.9216561257528226
4907.1467559943585 2.051636497844285
4917.159026798308 1.9962086262141623
4927.171297602257 1.9528594675300708
4937.183568406206 2.129477092385378
4947.195839210155 2.0408998641144795
4957.208110014104 1.9265547148920465
4967.220380818054 1.7980506299384322
4977.232651622004 1.9479608783908469
4987.244922425953 1.8510627589793487
4997.2571932299015 1.854619268902347
5007.26946403385 1.8824003086782197
5017.281734837799 1.898371051351306
5027.294005641749 1.9387005317988892
5037.306276445699 1.7953664715059805
5047.318547249648 1.9614487745139157
5057.330818053597 1.8081162240601252
5067.343088857546 1.8069419047459276
5077.355359661495 1.8551561005888373
5087.367630465445 1.8746833531849219
5097.379901269394 1.8196581053196665
5107.392172073343 1.727457263164958
5117.404442877292 1.7792950728916777
5127.416713681241 1.6465298864265463
5137.42898448519 1.7071247630391384
5147.44125528914 1.8264356053616064
5157.45352609309 1.8497206797631227
5167.465796897039 1.7689946149071447
5177.478067700988 1.8538140213726115
5187.4903385049365 1.8519351104698953
5197.502609308885 1.8631750239057863
5207.514880112835 1.7424214464258754
5217.527150916785 1.6536429062725426
5227.539421720734 1.791474441778926
5237.551692524683 1.63864517103122
5247.563963328632 1.7120233521783623
5257.576234132581 1.8377090707779025
5267.588504936531 1.6467983022697914
5277.6007757404805 1.8797832542065793
5287.613046544429 1.7378583770907077
5297.625317348378 1.9289033535204416
5307.637588152327 1.79768155815397
5317.649858956276 1.6769279806740591
5327.662129760226 1.8006676844100722
5337.674400564176 1.8358301598751867
5347.686671368125 1.567045244845577
5357.698942172074 1.5755338958882048
5367.711212976023 1.7500041939975508
5377.7234837799715 1.816772635004781
5387.735754583921 1.7127614957472865
5397.748025387871 1.7083997382945528
5407.76029619182 1.6949118421714842
5417.772566995769 1.8958546528208828
5427.784837799718 1.77812075357748
5437.797108603667 1.6553205052928248
5447.809379407617 1.571172138435471
5457.8216502115665 1.9338019426596655
5467.833921015515 1.5358754550487344
5477.846191819464 1.3790199466523512
5487.858462623413 1.6400208022278515
5497.870733427362 1.4254894395141673
5507.883004231311 1.2949722357362141
5517.895275035262 1.6950796020735124
5527.907545839211 1.4204566424533207
5537.91981664316 1.5894244157761412
5547.932087447109 1.6304249358318375
5557.944358251058 1.4267644147695817
5567.9566290550065 1.988894294485732
5577.968899858957 1.4748108507104631
5587.981170662906 1.664513747923971
5597.993441466855 1.4013991175829152
5608.005712270804 1.0808099448069923
5618.017983074753 1.0682950561156872
5628.030253878702 2.3864852622926067
5648.0547954866015 1.4191816671979063
5658.06706629055 1.466355751648241
5668.079337094499 1.4311932761831265
5678.091607898448 1.3531178177791943
5688.103878702397 1.4122699592343437
5698.116149506348 1.4033451324464425
5708.128420310297 1.3141639685282422
5718.140691114246 1.3719404787867604
5728.152961918195 1.3444949588149442
5738.165232722144 1.3179553423140802
5748.177503526093 1.3921387709909576
5758.189774330043 1.3547954167994767
5768.202045133992 1.3956952809139558
5778.214315937941 1.3511382509352614
5788.22658674189 1.277692965827308
5798.238857545839 1.2330352799073965
5808.251128349788 1.4130081028032682
5818.263399153739 1.2489389186196713
5828.275669957688 1.3539230653089298
5838.2879407616365 1.3322149339864786
5848.300211565585 1.3763357882198997
5858.312482369534 1.2953748595010819
5868.324753173483 1.2993339931889478
5878.337023977434 1.3127547853512052
5888.349294781383 1.246187656226409
5898.361565585332 1.382677112516566
5908.373836389281 1.2721568890603767
5918.38610719323 1.2798067405928637
5928.398377997179 1.2860474089483132
5938.410648801129 1.2527638443859146
5948.422919605078 1.304970725897096
5958.435190409027 1.2119310842322468
5968.447461212976 1.2162592897045748
5978.459732016925 1.238068076968243
5988.472002820874 1.2375647972621586
5998.484273624825 1.238068076968243
6008.496544428774 1.220755255078931
6018.508815232723 1.175661393413746
6028.5210860366715 1.254173027562952
6038.53335684062 1.1460685466959688
6048.545627644569 1.2099179654079082
6058.55789844852 1.2176013689208005
6068.570169252469 1.2087436460937104
6078.582440056418 1.1886124578503245
6088.594710860367 1.168347061685316
6098.606981664316 1.238806220537167
6108.619252468265 1.119696690097133
6118.631523272215 1.1061752419936586
6128.643794076164 1.0942642889496552
6138.656064880113 1.1231189920985087
6148.668335684062 1.1317754030431646
6158.680606488011 1.0766159472562868
6168.69287729196 1.0353470113573453
6178.705148095911 1.03715881829925
6188.71741889986 1.113120501937627
6198.729689703809 1.1169454277038702
6208.7419605077575 1.0868157492996025
6218.7542313117065 1.1356338807898134
6228.766502115655 1.1356674327702192
6238.778772919606 1.166937878508279
6248.791043723555 1.1402305021053865
6258.803314527504 1.1504303041487023
6268.815585331453 1.155060477444681
6278.827856135402 1.0730594373332885
6288.840126939351 1.1088258484457045
6298.8523977433015 1.1500276803838347
6308.86466854725 1.1133218138200607
6318.876939351199 1.1632471606636583
6328.889210155148 1.151403311580466
6338.901480959097 1.1772047845124058
6348.913751763046 1.1591538190541697
6358.926022566997 1.0588333976412958
6368.938293370946 1.1127849821335702
6378.950564174895 1.0999681256186147
6388.962834978844 1.1396936704188965
6398.9751057827925 1.101243100874029
6408.987376586741 1.1500276803838347
6418.999647390692 1.135029945142512
6429.011918194641 1.0950024325185794
6439.02418899859 1.0688654397825832
6449.036459802539 1.1315069871999193
6459.048730606488 1.1902900568706067
6469.061001410437 1.103323323659179
6479.0732722143875 1.0976194869902196
6489.0855430183365 1.1090942642889496
6499.097813822285 1.1434179402439228
6509.110084626234 1.0962103038131825
6519.122355430183 1.141035749635122
6529.134626234132 1.0671542887818954
6539.146897038083 1.0894328037712426
6549.159167842032 1.0687983358217719
6559.171438645981 1.1064101058564981
6569.18370944993 1.0722877417839587
6579.195980253879 1.0613162441913133
6589.2082510578275 1.065107617977151
6599.220521861777 1.095874784009126
6609.232792665727 1.0957070241070979
6619.245063469676 1.120434833666057
6629.257334273625 1.0833598953178212
6639.269605077574 1.0241406499018604
6649.281875881523 1.046486268852019
6659.294146685473 1.0203828280964282
6669.3064174894225 1.0681944001744703
6679.318688293371 1.050042778775017
6689.33095909732 1.050344746598668
6699.343229901269 1.0259524568437652
6709.355500705218 1.0531295609723363
6719.367771509168 1.0452112935966045
6729.380042313118 1.073864684863024
6739.392313117067 1.0706436947440823
6749.404583921016 1.033870724219497
6759.416854724965 1.0841315908671507
6769.429125528914 1.0668858729386501
6779.441396332863 1.0387357613783152
6789.453667136813 1.0539348085020717
6799.465937940762 1.0228992266268517
6809.478208744711 1.0471573084601318
6819.49047954866 1.1025180761294435
6829.502750352609 1.0619872837994262
6839.515021156559 1.070475934842054
6849.527291960509 1.0098475062490564
6859.5395627644575 1.0006207116375043
6869.551833568406 0.9999161200489859
6879.564104372355 1.000083879951014
6889.576375176304 1.005083125031455
6899.588645980254 0.9946820111057055
6909.600916784204 1.0456139173614722
6919.613187588153 1.0054857487963227
6929.625458392102 0.9909912932610847
6939.637729196051 1.0222952909795502
6949.65 1.048163867872301
6959.6622708039495 0.997164857655723
6969.674541607899 0.9729403278028486
6979.686812411848 0.9483802781459175
6989.699083215797 0.989649214044859
6999.711354019746 1.0587662936804845
7009.723624823695 0.9322082235903973
7019.735895627645 0.8566156117364827
7029.748166431595 0.8980523075374524
7039.760437235544 0.9409317384958648
7049.7727080394925 0.9364022211411028
7059.784978843441 0.9762955258434128
7069.79724964739 0.9881393749266051
7079.80952045134 0.9839453773758996
7089.82179125529 0.9470717509100974
7099.834062059239 0.9635457732892684
7109.846332863188 1.0137059839957054
7119.858603667137 0.9886426546326897
7129.870874471086 0.9782750926873458
7139.8831452750355 0.9436158969283162
7149.895416078985 0.9585129762284218
7159.907686882934 0.9407304266134309
7169.919957686883 0.9115737556409267
7179.932228490832 0.9092586689929373
7189.944499294781 0.9302286567464645
7199.956770098731 0.88906037678874
7209.969040902681 0.9762284218826016
7219.98131170663 0.911540203660521
7229.993582510579 0.8698350920163063
7240.0058533145275 0.8971799560469056
7250.018124118476 0.9077152778942778
7260.030394922426 0.9322082235903973
7270.042665726376 0.8703048197419853
7280.054936530325 0.9122783472294452
7290.067207334274 0.8570182355013504
7300.079478138223 0.9467697830864467
7310.091748942172 0.8539650052844369
7320.104019746122 0.9232833968024963
7330.116290550071 0.8841282356691104
7340.12856135402 0.8838933718062709
7350.140832157969 0.8576557231290576
7360.153102961918 0.9114730996997098
7370.165373765867 0.8826855005116677
7380.177644569817 0.9275780502944186
7390.189915373767 0.8850341391400627
7400.202186177716 0.872687010350786
7410.214456981665 0.8468184334580349
7420.226727785614 0.8157157476220034
7430.2389985895625 0.8708416514284755
7440.251269393512 0.8461138418695163
7450.263540197462 0.8260497575869414
7460.275811001411 0.819607777349058
7470.28808180536 0.8709087553892868
7480.300352609309 0.8400744853965005
7490.312623413258 0.893388582261068
7500.324894217208 0.879263198510292
7510.337165021157 0.8773507356271704
7520.349435825106 0.8634937677196396
7530.361706629055 0.8761093123521616
7540.373977433004 0.8585280746196045
7550.386248236953 0.8534617255783522
7560.398519040903 0.8565149557952657
7570.410789844852 0.8380613665721619
7580.423060648802 0.8885235451022496
7590.435331452751 0.8199432971531144
7600.4476022567 0.788001811806942
7610.4598730606485 0.8943615896928315
7620.472143864598 0.8531597577547014
7630.484414668547 0.8496367998121089
7640.496685472497 0.8625543122682816
7650.508956276446 0.8614470969148954
7660.521227080395 0.8718817628210505
7670.533497884344 0.890939287691456
7680.545768688294 0.8671173816034492
7690.558039492243 0.8838933718062709
7700.5703102961925 0.8795316143535371
7710.582581100141 0.8646009830730258
7720.59485190409 0.8732909459980874
7730.607122708039 0.8354443121005216
7740.619393511989 0.8255129259004512
7750.631664315938 0.8180643862503983
7760.643935119888 0.8655739905047894
7770.656205923837 0.8559445721283699
7780.668476727786 0.8192051535841903
7790.680747531735 0.8031673069502927
7800.693018335684 0.8392356858863593
7810.705289139633 0.8122263416598164
7820.717559943583 0.7801506483920214
7830.729830747532 0.8479927527722324
7840.742101551481 0.8368870472579645
7850.75437235543 0.8190038417017564
7860.76664315938 0.8138368367192873
7870.778913963329 0.8387324061802748
7880.7911847672785 0.8507775671459007
7890.8034555712275 0.8180643862503985
7900.815726375176 0.8272911808619503
7910.827997179125 0.7542485195188646
7920.840267983075 0.7801170964116156
7930.852538787024 0.8345048566491637
7940.864809590974 0.7918602895535909
7950.877080394923 0.8027646831854249
7960.889351198872 0.8143736684057776
7970.901622002821 0.8354443121005216
7980.9138928067705 0.8467513294972236
7990.926163610719 0.8031002029894815
8000.938434414669 0.8077303762854602
8010.950705218618 0.8128973812679293
8020.962976022567 0.8056501535003103
8030.975246826516 0.8179972822895871
8040.987517630466 0.7819960073143318
8050.999788434415 0.7992752772232381
8061.012059238365 0.7904846583569596
8071.0243300423135 0.7912899058866949
8081.036600846262 0.8198090892314918
8091.048871650211 0.7667969601905752
8101.061142454161 0.7627371705614923
8111.07341325811 0.7613950913452665
8121.08568406206 0.7660588166216511
8131.097954866009 0.7394185441795702
8141.110225669958 0.7421362545924273
8151.122496473907 0.7722994849771008
8161.134767277857 0.7010350785955141
8171.1470380818055 0.7328088040396584
8181.159308885755 0.7679377275243672
8191.171579689704 0.7071415390293412
8201.183850493653 0.7474710194769245
8211.196121297602 0.8007515643610864
8221.208392101551 0.7023100538509285
8231.2206629055 0.6226106795953632
8241.232933709449 0.7204281232699761
8251.2452045134 0.7655219849351608
8261.257475317349 0.7558590145783354
8271.2697461213 0.7815598315690584
8281.282016925248 0.7543156234796758
8291.294287729197 0.787431428140046
8301.306558533146 0.7505578016742438
8311.318829337095 0.7851498934724622
8321.331100141044 0.7927661930245432
8331.343370944993 0.7955845593786173
8341.355641748942 0.7747152275663071
8351.36791255289 0.7372376654532034
8361.38018335684 0.7824657350400106
8371.39245416079 0.767669311681122
8381.40472496474 0.8118237178949487
8391.41699576869 0.7905517623177708
8401.429266572639 0.797966749987418
8411.441537376588 0.7597510443053901
8421.453808180537 0.7167038534449495
8431.466078984486 0.7406264154741734
8441.478349788435 0.7494505863208576
8451.490620592383 0.7044573805968897
8461.502891396332 0.7100270093442265
8471.515162200281 0.7253938163700112
8481.52743300423 0.7094901776577363
8491.539703808181 0.6931168112197823
8501.55197461213 0.6982838162022512
8511.56424541608 0.7230451777416163
8521.57651622003 0.6923451156704523
8531.588787023979 0.6776829002331862
8541.601057827927 0.6411414383733999
8551.613328631876 0.6802999547048264
8561.625599435825 0.6925128755724806
8571.637870239774 0.6946602023184418
8581.650141043723 0.6874129745508228
8591.662411847672 0.6547434112298478
8601.674682651621 0.662550957070241
8611.686953455572 0.7465315640255666
8621.69922425952 0.7025784696941737
8631.711495063471 0.7402237917093056
8641.72376586742 0.7280779748024627
8651.73603667137 0.7043902766360784
8661.748307475318 0.7121072321293764
8671.760578279267 -1.0044724789880721
8681.772849083216 0.6756026774480364
8691.785119887165 0.7387139525910518
8701.797390691114 0.7300910936268014
8711.809661495063 0.7513630492039792
8721.821932299012 0.6957338656914225
8731.834203102962 0.7106644969719338
8741.846473906911 0.7390159204147024
8751.858744710862 0.7553221828918452
8761.871015514811 0.7440487174755489
8771.88328631876 0.6973779127312989
8781.895557122709 0.7521682967337147
8791.907827926658 0.7596168363837675
8801.920098730607 0.7651193611702931
8811.932369534556 0.7149927024442617
8821.944640338505 0.7158650539348085
8831.956911142453 0.8002818366354074
8841.969181946402 0.7158315019544028
8851.981452750353 0.7153282222483182
8861.993723554302 0.7740777399385997
8872.005994358253 0.7482762670066601
8882.018265162202 0.737271217433609
8892.03053596615 0.7204952272307873
8902.0428067701 0.7121407841097821
8912.055077574048 0.7282121827240853
8922.067348377997 0.7151604623462899
8932.079619181946 0.6987535439279303
8942.091889985895 0.7597510443053901
8952.104160789844 0.7956516633394285
8962.116431593793 0.6952305859853377
8972.128702397744 0.784982133570434
8982.140973201693 0.7892767870623564
8992.153244005644 0.7692127027797815
9002.165514809592 0.6796758878692815
9012.177785613541 0.7093559697361136
9022.19005641749 0.7106309449915281
9032.20232722144 0.7998121089097284
9042.214598025388 0.6981496082806288
9052.226868829337 0.6788370883591404
9062.239139633286 0.6974785686725159
9072.251410437235 0.6385411598919626
9082.263681241184 0.6302336895435253
9092.275952045135 0.7002566726501032
9102.288222849083 0.6325085138150279
9112.300493653034 0.731902900568706
9122.312764456983 0.6768105487426396
9132.325035260932 0.5538224093677129
9142.337306064881 0.7549195591269775
9152.34957686883 0.5560267744803636
9162.361847672779 0.7551208710094113
9172.374118476728 0.5868945964535557
9182.386389280677 0.6928483953765371
9192.398660084626 0.6854233421127681
9202.410930888575 0.6896945092184066
9212.423201692525 0.617134996393162
9222.435472496474 0.6851314398832391
9232.447743300425 0.6400711301984598
9242.460014104374 0.6302403999396063
9252.472284908323 0.6863057591974365
9262.484555712272 0.6713952591051686
9272.49682651622 0.6247714271334865
9282.50909732017 0.6228019258836753
9292.521368124118 0.6577932862487208
9302.533638928067 0.6709221761814491
9312.545909732016 0.6663624620443221
9322.558180535965 0.5480715999261857
9332.570451339916 0.5233505007633076
9342.582722143865 0.5392507842775419
9352.594992947816 0.6147997785569292
9362.607263751765 0.5959368551728766
9372.619534555713 0.552574275696623
9382.631805359662 0.5832072338069754
9392.644076163611 0.5957489640826049
9402.65634696756 0.6074753812343773
9412.66861777151 0.6031236893757653
9422.680888575458 0.5819825865221695
9432.693159379407 0.5565401197805699
9442.705430183356 0.585344494958815
9452.717700987307 0.6837893606670133
9462.729971791256 0.570695700313711
9472.742242595206 0.603573285913201
9482.754513399155 0.6056166015199047
9492.766784203104 0.6503917193712359
9502.779055007053 0.6546293344964687
9512.791325811002 0.6184435236289823
9522.803596614951 0.5979466187991747
9532.8158674189 0.589333825429046
9542.828138222849 0.5538224093677129
9552.840409026798 0.6118941770538007
9562.852679830747 0.6495931822375816
9572.864950634697 0.6398966599003506
9582.877221438646 0.5959133687865926
9592.889492242597 0.5933265110973176
9602.901763046546 0.6032411213071852
9612.914033850495 0.67996443490077
9622.926304654444 0.5314264624469459
9632.938575458393 0.5714304886845946
9642.950846262342 0.629257326913721
9652.96311706629 0.5727356607223741
9662.97538787024 0.6486134644097368
9672.987658674188 0.6228421882601621
9682.999929478137 0.6665235115502692
9693.012200282088 0.6684896576020399
9703.024471086037 0.6239963763861163
9713.036741889988 0.6865741750406817
9723.049012693937 0.5509100974685031
9733.061283497886 0.5877535271519401
9743.073554301835 0.7078125786374541
9753.085825105783 0.5953295643275344
9763.098095909732 0.5863611199651059
9773.110366713681 0.6066634233085607
9783.12263751763 0.6535992886980154
9793.13490832158 0.5734234763206899
9803.147179125528 0.6643292120317402
9813.159449929477 0.6128470532973208
9823.171720733428 0.5863208575886192
9833.183991537377 0.5916489120770354
9843.196262341327 0.6235300038584777
9853.208533145276 0.6434934321998356
9863.220803949225 0.6250364877786911
9873.233074753174 0.6071566374205237
9883.245345557123 0.6051670049824691
9893.257616361072 0.5652770554781996
9903.269887165021 0.6063950074653156
9913.28215796897 0.6045462933449647
9923.294428772919 0.5892465902799912
9933.306699576868 0.5721619218574376
9943.318970380818 0.5868040061064604
9953.331241184767 0.5138150279320237
9963.343511988718 0.5904980791491218
9973.355782792667 0.6069553255380898
9983.368053596616 0.6037980841819188
9993.380324400565 0.5981378650874868
10003.392595204514 0.5822208055830496
10013.404866008463 0.5114663893036286
10023.417136812412 0.5165327383448808
10033.42940761636 0.5799929540841148
10043.44167842031 0.5073260749215722
10053.453949224258 0.582193963998725
10063.46622002821 0.5845996409938097
10073.478490832158 0.5434280058380446
10083.490761636109 0.48190709456625674
10093.503032440058 0.5746179268231307
10103.515303244007 0.5523863846063514
10113.527574047956 0.5111442902917345
10123.539844851904 0.30291063430018955
10133.552115655853 0.5087285477025282
10143.564386459802 0.4062138267711251
10153.576657263751 0.4660772702108742
10163.5889280677 0.4919156503212602
10173.60119887165 0.4618497206797631
10183.6134696756 0.501004881813149
10193.625740479549 0.5801070308174939
10203.6380112835 0.48840946836887045
10213.650282087448 0.5217735576842423
10223.662552891397 0.5858779714472646
10233.674823695346 0.46466808703383716
10243.687094499295 0.6065728329614656
10253.699365303244 0.4681507825999429
10263.711636107193 0.6689728061198813
10273.723906911142 0.6098944790216242
10283.73617771509 0.8392021339059538
10293.74844851904 0.5180962606317838
10303.76071932299 0.6254290459494372
10313.77299012694 0.38881376973275844
10323.78526093089 0.36026103440755586
10333.79753173484 0.5629955208106159
10343.809802538788 0.6778171081548089
10353.822073342737 0.6563404854971565
10363.834344146686 0.6623697763760505
10373.846614950635 0.5436226073243974
10383.858885754584 0.5976211645892399
10393.871156558533 0.4241540706940227
10403.883427362482 0.667711251656629
10413.89569816643 0.25797446694291126
10423.907968970381 0.38091563354526997
10433.92023977433 0.5153114462581153
10443.932510578281 0.9598550554446477
10453.94478138223 0.6584106426881846
10463.957052186179 0.6878491502960963
10473.969322990128 0.7300910936268014
10483.981593794077 1.1103692395443638
10493.993864598026 0.640772366588938
