4008.9724036674816 -0.5340870355641405
4018.9859110024454 5.581877059425066
4028.9994183374083 5.788444494943756
4039.012925672372 -1.6687081013521192
4049.026433007335 1.7788774002954209
4059.039940342298 3.29668219520509
4069.053447677262 4.092455402795137
4079.0669550122248 5.019247812748551
4089.0804623471886 -0.5795136916259516
4099.0939696821515 6.18380297693444
4109.107477017114 2.478269514827861
4119.120984352078 2.8033178047949097
4129.134491687042 2.219111464606295
4139.147999022005 0.5994148392228155
4149.161506356968 3.2397795705033516
4159.175013691932 3.2079650039768213
4169.188521026895 2.5705090330644245
4179.2020283618585 1.662163390523804
4189.2155356968215 3.174110896489035
4199.229043031784 2.675048289967049
4209.242550366748 2.069162595159641
4219.256057701712 2.54371662311101
4229.269565036675 0.181797523008749
4239.283072371638 4.02099761390751
4249.296579706602 2.007487785478923
4259.310087041565 2.541506646971935
4269.3235943765285 1.7125326667424157
4279.337101711491 2.03397341211226
4289.350609046454 1.603118963754119
4299.364116381418 3.6960743097375297
4309.377623716382 2.6284285876604927
4319.391131051345 2.7748267242358824
4329.404638386308 1.2941256675377797
4339.418145721271 2.0922679240995343
4349.431653056235 1.5537211680490852
4359.445160391198 2.2325133507555956
4369.458667726161 2.3071639586410635
4379.472175061124 1.6381661174866493
4389.485682396088 0.33120668105897055
4399.499189731052 1.8709919327349163
4409.512697066015 1.9413191682763322
4419.526204400978 2.8568571753209864
4429.539711735941 -0.08683104192705374
4439.553219070905 1.0476309510282922
4449.566726405868 0.6836382229292126
4459.580233740831 1.10680604476764
4469.593741075794 0.7937563913191683
4479.607248410758 1.0318884217702533
4489.620755745722 1.5049085331212362
4499.634263080685 2.1170946483354167
4509.647770415648 1.360623792750824
4519.661277750611 0.35967503692762187
4529.6747850855745 0.36095898193387116
4539.688292420538 2.3620497670719236
4549.701799755501 2.0678332007726397
4559.715307090464 2.4600784001817977
4569.728814425428 2.203590501079423
4579.742321760392 1.5965003976820815
4589.755829095355 1.445080104533576
4599.769336430318 2.358078627428702
4609.782843765281 1.8441086240199978
4619.7963511002445 2.3774911941824795
4629.809858435208 1.3093341665719804
4639.823365770171 2.2533689353482558
4649.836873105134 2.0045335757300307
4659.850380440098 1.345619815930008
4669.863887775062 2.31803204181343
4679.877395110025 1.5161288489944322
4689.890902444988 1.3606124304056357
4699.904409779951 1.559709123963186
4709.917917114914 1.5263435973184865
4719.931424449878 1.8486137938870584
4729.944931784841 2.132541756618566
4739.958439119804 1.5505624360868082
4749.971946454767 1.4217702533802978
4759.985453789731 1.300227246903761
4769.998961124695 1.8352062265651632
4780.012468459658 1.440557891148733
4790.0259757946205 1.2278831950914668
4800.039483129584 1.8090501079422792
4810.052990464548 1.513310987387797
4820.066497799511 1.5028519486421996
4830.080005134474 1.145614134757414
4840.093512469437 1.3396659470514716
4850.107019804401 1.2565049426201569
4860.120527139365 1.4848937620724918
4870.134034474328 1.0769230769230769
4880.1475418092905 1.1182763322349731
4890.161049144254 1.729587546869674
4900.174556479218 1.5305135780024997
4910.188063814181 1.6392625837972958
4920.201571149144 1.6511930462447448
4930.215078484107 1.7880013634814227
4940.228585819071 1.708737643449608
4950.242093154035 1.3841438472900807
4960.2556004889975 1.3411941824792637
4970.26910782396 1.0546415180093172
4980.282615158924 1.6724690376093627
4990.296122493888 1.4359618225201682
5000.309629828851 1.2588796727644587
5010.323137163814 1.2104022270196568
5020.336644498777 1.1452959890921488
5030.350151833741 1.2801499829564822
5040.3636591687045 0.8699806840131804
5050.3771665036675 1.1342233837063969
5060.39067383863 1.2561527099193273
5070.404181173593 1.2950062492898533
5080.417688508558 1.0842631519145554
5090.431195843521 1.3010339734121124
5100.444703178484 0.8818316100443132
5110.458210513447 1.0595159640949892
5120.471717848411 0.8778150210203387
5130.4852251833745 1.3161345301670264
5140.498732518337 1.2833030337461653
5150.5122398533 1.2988012725826612
5160.525747188263 1.442745142597432
5170.539254523228 1.2576298147937734
5180.552761858191 1.2476707192364502
5190.566269193154 1.297790023860925
5200.579776528117 1.685882286103852
5210.593283863081 1.4057777525281219
5220.606791198044 1.5213271219179638
5230.620298533007 1.1937847971821385
5240.63380586797 1.4584081354391545
5250.647313202933 1.4899727303715489
5260.660820537897 1.242659925008522
5270.674327872861 1.0729860243154186
5280.687835207824 1.3001704351778207
5290.701342542787 1.3269855698216113
5300.714849877751 1.2239688671741848
5310.728357212714 0.943182592887172
5320.741864547677 1.3525167594591525
5330.75537188264 1.2309907965003977
5340.768879217603 1.3504658561527099
5350.782386552567 1.1419213725712989
5360.795893887531 1.3184069992046359
5370.809401222494 0.7996818543347347
5380.822908557457 0.8450176116350415
5390.8364158924205 1.1542495171003297
5400.849923227384 1.2709862515623225
5410.863430562347 1.0216963981365754
5420.87693789731 1.1802011135098283
5430.890445232273 1.118191114646063
5440.903952567237 0.8180888535393706
5450.917459902201 1.1893705260765821
5460.930967237164 1.2010282922395181
5470.944474572127 0.9243210998750142
5480.95798190709 1.3972787183274626
5490.971489242054 1.2361833882513351
5500.984996577017 1.193432564481309
5510.99850391198 1.1430292012271333
5521.012011246943 1.3275707305987954
5531.025518581907 1.2199522781502101
5541.039025916871 1.2546699238722874
5551.052533251834 0.9604419952278149
5561.066040586797 0.9740540847630951
5571.0795479217595 0.8019486421997499
5581.093055256724 0.9574480172707647
5591.106562591687 1.0915918645608453
5601.12006992665 0.9469208044540394
5611.133577261613 1.1700545392569026
5621.147084596577 1.1210601068060448
5631.160591931541 1.0081468014998296
5641.174099266504 1.0771275991364617
5651.1876066014665 0.7478354732416771
5661.2011139364295 1.1947278718327463
5671.214621271394 1.0
5681.228128606357 1.1407056016361778
5691.24163594132 1.0860186342461084
5701.255143276283 1.1524542665606181
5711.268650611247 1.1404272241790705
5721.282157946211 1.0464265424383592
5731.295665281174 1.0992614475627769
5741.3091726161365 1.1907396886717418
5751.322679951099 1.3840245426656062
5761.336187286063 0.9852573571185093
5771.349694621027 1.1549767071923644
5781.36320195599 1.2250426087944553
5791.376709290953 0.6848539938643337
5801.390216625917 0.915520963526872
5811.403723960881 1.2596409498920578
5821.4172312958435 1.033746165208499
5831.430738630806 1.168923985910692
5841.444245965769 1.223985910691967
5851.457753300733 0.9618679695489148
5861.471260635697 1.0591523690489717
5871.48476797066 1.0808998977388933
5881.498275305623 0.9572378138847859
5891.511782640586 1.1290421543006477
5901.525289975551 0.9784399500056812
5911.5387973105135 0.7800193159868197
5921.552304645476 0.9491875923190547
5931.565811980439 0.9517668446767413
5941.579319315403 1.1923985910691968
5951.592826650367 1.0945176684467675
5961.60633398533 1.0190432905351665
5971.619841320293 1.2784626746960572
5981.633348655256 0.9216623111010114
5991.6468559902205 0.9425178956936712
6001.660363325183 1.1319679581865698
6011.673870660146 1.0462731507783207
6021.687377995109 0.9758095670946483
6031.700885330073 1.2066299284172253
6041.714392665037 1.1607203726849222
6051.7279 1.0850357913873423
6061.741407334963 1.0641461197591182
6071.754914669926 0.9584365413021249
6081.76842200489 1.4255425519827294
6091.781929339853 0.9248494489262584
6101.795436674816 1.3113964322236111
6111.808944009779 1.2011078286558345
6121.822451344742 1.1333143960913532
6131.835958679707 1.0456879900011362
6141.84946601467 0.929593228042268
6151.862973349633 1.0850017043517783
6161.876480684596 0.8441427110555619
6171.88998801956 1.0173616634473357
6181.903495354523 1.032769003522327
6191.917002689486 0.9646290194296103
6201.930510024449 0.902181570276105
6211.944017359412 1.0822292921258947
6221.957524694377 0.9758891035109647
6231.97103202934 1.0747983183729122
6241.984539364303 0.9603681399840927
6251.998046699266 0.7346778775139189
6262.01155403423 0.8532837177593455
6272.025061369193 0.7813827974093852
6282.038568704156 0.7911714577888876
6292.052076039119 0.7452789455743666
6302.065583374082 0.8748267242358824
6312.079090709047 0.9138904669923871
6322.09259804401 0.7470457902511078
6332.106105378973 0.6956595841381661
6342.119612713936 0.9497897966140211
6352.1331200489 0.7546415180093171
6362.146627383863 0.7671400977161686
6372.160134718826 0.7748948983070106
6382.173642053789 0.8006476536757187
6392.187149388752 0.9616009544369959
6402.200656723717 1.0071525962958756
6412.21416405868 0.8156004999431884
6422.227671393643 0.8936086808317236
6432.2411787286055 0.8083172366776503
6442.254686063569 1.0717532098625158
6452.268193398533 0.9449437563913191
6462.281700733496 0.9752925803885922
6472.295208068459 0.9331837291216907
6482.308715403422 0.9863424610839677
6492.322222738387 1.1822804226792412
6502.33573007335 1.1564424497216226
6512.349237408313 0.8204976707192365
6522.3627447432755 0.7987046926485627
6532.376252078238 0.9278945574366549
6542.389759413203 0.8862572434950574
6552.403266748166 0.9484660833996138
6562.416774083129 0.9697761617997955
6572.430281418092 0.8825247131007841
6582.443788753057 0.96259515964095
6592.45729608802 1.0541472559936371
6602.4708034229825 1.1551471423701853
6612.484310757945 0.7633677991137371
6622.497818092908 0.6498522895125554
6632.511325427873 1.0090671514600613
6642.524832762836 0.7175207362799682
6652.538340097799 0.9007612771275991
6662.551847432762 0.9091807749119419
6672.565354767727 1.0715146006135667
6682.5788621026895 0.6582717872968981
6692.592369437652 0.7805647085558459
6702.605876772615 0.7744176798091126
6712.619384107578 0.7709862515623224
6722.632891442543 1.0809112600840813
6732.646398777506 1.0921145324394954
6742.659906112469 1.758447903647313
6752.673413447432 1.3145835700488582
6762.686920782397 1.2253550732871263
6772.7004281173595 1.286450403363254
6782.713935452322 0.9760027269628452
6792.727442787285 0.9318600159072833
6802.740950122248 0.8407510510169298
6812.754457457213 0.8276104988069538
6822.767964792176 0.6147426428814907
6832.781472127139 0.8942108851266901
6842.794979462102 0.9802976934439268
6852.808486797066 0.7162595159640949
6862.821994132029 0.8192762186115213
6872.835501466992 0.8237302579252357
6882.849008801955 0.594886944665379
6892.862516136918 0.8640154527894557
6902.876023471883 0.955107374162027
6912.889530806846 0.8468923985910691
6922.903038141809 0.8457504828996706
6932.916545476772 0.8331496420861265
6942.930052811736 0.7856777638904671
6952.943560146699 0.9448130894216566
6962.957067481662 0.7734348369503466
6972.970574816625 0.6800022724690375
6982.984082151588 0.5826496988978525
6992.997589486553 0.8907453698443358
7003.011096821516 0.8497386660606748
7013.024604156479 0.8152482672423589
7023.038111491442 0.7016475400522668
7033.051618826405 0.9001647540052267
7043.065126161369 0.7474661970230656
7053.078633496332 0.6549085331212361
7063.092140831295 0.7651971366890126
7073.105648166258 0.9314452903079197
7083.119155501223 0.6623679127371891
7093.132662836186 0.8323599590955573
7103.146170171149 0.626201568003636
7113.159677506112 0.7601181683899557
7123.1731848410745 0.7714521077150324
7133.186692176039 0.8964663106465175
7143.200199511002 0.6810476082263379
7153.213706845965 0.8745597091239633
7163.227214180928 0.7665151687308259
7173.240721515893 0.4609476195886831
7183.254228850856 0.7653448471764573
7193.267736185819 0.5857232132712192
7203.281243520782 0.587609362572435
7213.2947508557445 0.7379388705828883
7223.308258190709 0.9841949778434269
7233.321765525672 0.87574139302352
7243.335272860635 0.994869901147597
7253.348780195598 0.34646631064651745
7263.362287530563 0.6445631178275196
7273.375794865526 0.6309339847744575
7283.389302200489 0.41709464833541643
7293.4028095354515 0.5602942847403704
7303.416316870414 0.8384615384615385
7313.429824205379 0.6609873877968413
7323.443331540342 0.6515680036359505
7333.456838875305 0.4502670151119191
7343.470346210268 0.6756959436427679
7353.483853545232 0.8952619020565844
7363.497360880196 0.5862856493580274
7373.510868215159 0.8164810816952619
7383.5243755501215 1.084706283376889
7393.537882885084 0.7277354846040222
7403.551390220049 0.639342120213612
7413.564897555012 1.0152482672423588
7423.578404889975 0.882774684694921
7433.591912224938 0.5647880922622429
7443.605419559901 0.9051244176798091
7453.618926894866 0.8543176911714578
7463.6324342298285 0.39168276332234975
7473.645941564791 0.646352687194637
7483.659448899754 0.8564424497216225
7493.672956234719 0.5643449607999091
7503.686463569682 1.2392455402795137
7513.699970904645 0.5741790705601636
7523.713478239608 0.23920577207135554
7533.726985574571 0.9322349732984888
7543.7404929095355 0.795381206681059
7553.7540002444985 0.6743040563572322
7563.767507579461 0.7093114418816044
7573.781014914424 0.9365185774343825
7583.794522249389 1.1420122713328031
7593.808029584352 0.6635041472559936
7603.821536919315 0.7584081354391546
7613.835044254278 0.42722417907056015
7623.848551589241 0.8258606976479946
7633.8620589242055 1.0401545278945574
7643.875566259168 0.3881945233496194
7653.889073594131 1.0841949778434268
7663.902580929094 0.5120668105897057
7673.916088264059 0.674281331666856
7683.929595599022 0.8063004204067719
7693.943102933985 0.5669185319850016
7703.956610268948 1.0253380297693444
7713.970117603911 0.56503806385638
7723.983624938875 0.7840927167367345
7733.997132273838 0.3258038859220543
7744.010639608801 0.7532041813430292
7754.024146943764 0.4780877173048517
7764.037654278728 0.44620497670719234
7774.051161613692 0.8201454380184071
7784.064668948655 0.6866606067492331
7794.078176283618 0.3626917395750483
7804.091683618581 0.6568458129757982
7814.105190953545 0.5805533462106579
7824.118698288508 0.7822008862629247
7834.132205623471 1.0505851607771843
7844.145712958434 0.6917622997386661
7854.159220293398 0.49751732757641176
7864.172727628362 0.265288035450517
7874.186234963325 0.7933246222020225
7884.199742298288 0.4024088171798659
7894.213249633251 1.0669071696398136
7904.226756968215 0.9261902056584479
7914.240264303178 -0.23582547437791163
7924.253771638141 1.0350585160777184
7934.267278973104 0.7970401090785139
7944.280786308067 0.09848312691739575
7954.294293643032 0.8423701852062265
7964.307800977995 0.9043404158618339
7974.321308312958 0.03305874332462221
7984.334815647921 0.06770253380297694
7994.348322982885 0.3903136007271901
8004.361830317848 0.7122542892853084
8014.375337652811 0.42069083058743323
8024.388844987774 -0.009942052039540971
8034.402352322737 0.2851607771844109
8044.415859657702 0.6673616634473355
8054.429366992665 0.3844392682649699
8064.442874327628 -0.7347403704124532
8074.4563816625905 0.45611294171116923
8084.469888997555 1.043955232359959
8094.483396332518 1.2636291330530622
